0.5036370776 0.0732433038 0.0315161669 0.1076878270 0.0231396975 0.0530168898 0.5185370486 0.6261771628 0.2355361964 0.2073717292 0.0314855652 -0.0383304083 -0.0210214794 -0.0347423940 -0.0313054469 -0.0764048592 -0.2107096068 -0.0138030438 -0.0210253835 0.0173152491 -0.1581261716 -0.0203380214  
0.0732433038 0.0196884126 0.0088997171 0.0215012300 0.0068797624 0.0139853928 0.0489786522 0.0849561270 0.0001919407 0.0138001003 -0.0081403438 -0.0081084037 -0.0033416895 -0.0066670903 -0.0033569021 -0.0097702620 -0.0231927462 0.0002311172 -0.0007886673 0.0027927059 -0.0072445226 -0.0039787279  
0.0315161669 0.0088997171 0.0077708448 0.0173419764 0.0072427661 0.0138290333 0.0107959525 0.0163110450 -0.0066595111 -0.0302412486 -0.0044504567 -0.0019153795 0.0011771833 0.0014008736 0.0019860571 0.0025542408 -0.0316656097 0.0030524805 0.0035830768 0.0023609252 0.0065621647 0.0006804086  
0.1076878270 0.0215012300 0.0173419764 0.0527701290 0.0183002395 0.0382403516 0.0378160733 0.0562478822 -0.0481553001 -0.1235459417 -0.0119728849 -0.0125940125 0.0002492943 0.0012715413 -0.0011912635 -0.0062088553 -0.1251313794 0.0024638516 0.0016064176 0.0055706510 0.0061536077 0.0158022029  
0.0231396975 0.0068797624 0.0072427661 0.0183002395 0.0086916361 0.0153573993 -0.0024414506 -0.0040191054 -0.0164648615 -0.0535494104 -0.0045327924 -0.0011729063 0.0023531395 0.0037269061 0.0031987722 0.0053531994 -0.0408796985 0.0036529981 0.0045109611 0.0022813686 0.0114261032 0.0040072291  
0.0530168898 0.0139853928 0.0138290333 0.0382403516 0.0153573993 0.0329316660 -0.0113104148 -0.0039113441 -0.0607154959 -0.1274453206 -0.0142636166 -0.0076788693 0.0023053578 0.0047389463 0.0029275903 0.0036423117 -0.0937574010 0.0046494883 0.0050864573 0.0036875735 0.0228494765 0.0142661878  
0.5185370486 0.0489786522 0.0107959525 0.0378160733 -0.0024414506 -0.0113104148 1.0412550765 1.0446273742 1.0000363671 1.0088157192 0.1770684845 0.0272032745 -0.0088658148 -0.0234412107 -0.0117282943 -0.0324112913 -0.0055546295 -0.0034053984 0.0027586091 0.0158795463 -0.2864495808 -0.1600844988  
0.6261771628 0.0849561270 0.0163110450 0.0562478822 -0.0040191054 -0.0039113441 1.0446273742 1.2522845501 0.8138230901 1.0271361785 0.1193138624 -0.0194318663 -0.0326485516 -0.0596664718 -0.0408016798 -0.0956833897 -0.0179381235 -0.0212330658 -0.0253811977 0.0082306431 -0.2795296814 -0.1488987949  
0.2355361964 0.0001919407 -0.0066595111 -0.0481553001 -0.0164648615 -0.0607154959 1.0000363671 0.8138230901 1.3634947098 1.3096310292 0.2496789897 0.1077363305 0.0219630412 0.0174263482 0.0368774459 0.0749527912 0.2523687741 0.0279881661 0.0527967304 0.0172186558 -0.2574878188 -0.2431866065  
0.2073717292 0.0138001003 -0.0302412486 -0.1235459417 -0.0535494104 -0.1274453206 1.0088157192 1.0271361785 1.3096310292 1.6912131340 0.2101112572 0.0790489151 -0.0093011866 -0.0361127007 0.0035585022 0.0065503447 0.5258056298 0.0034534414 0.0178368066 0.0023689178 -0.2866636171 -0.2782571217  
0.0314855652 -0.0081403438 -0.0044504567 -0.0119728849 -0.0045327924 -0.0142636166 0.1770684845 0.1193138624 0.2496789897 0.2101112572 0.0593691164 0.0232518848 0.0065099711 0.0083777010 0.0074074042 0.0160773257 0.0265988781 0.0040935114 0.0084872405 0.0023116553 -0.0564190421 -0.0385025199  
-0.0383304083 -0.0081084037 -0.0019153795 -0.0125940125 -0.0011729063 -0.0076788693 0.0272032745 -0.0194318663 0.1077363305 0.0790489151 0.0232518848 0.0217754751 0.0086204372 0.0106146671 0.0107142018 0.0225486416 0.0420991282 0.0071571309 0.0107820090 0.0011309480 -0.0023917616 -0.0209132154  
-0.0210214794 -0.0033416895 0.0011771833 0.0002492943 0.0023531395 0.0023053578 -0.0088658148 -0.0326485516 0.0219630412 -0.0093011866 0.0065099711 0.0086204372 0.0058379442 0.0074750543 0.0061893774 0.0128018576 -0.0017828258 0.0043105670 0.0059821925 0.0005730143 0.0090376865 -0.0029650467  
-0.0347423940 -0.0066670903 0.0014008736 0.0012715413 0.0037269061 0.0047389463 -0.0234412107 -0.0596664718 0.0174263482 -0.0361127007 0.0083777010 0.0106146671 0.0074750543 0.0125829995 0.0091902017 0.0197358167 -0.0145581067 0.0061354630 0.0089491471 0.0003386929 0.0153908349 -0.0010749160  
-0.0313054469 -0.0033569021 0.0019860571 -0.0011912635 0.0031987722 0.0029275903 -0.0117282943 -0.0408016798 0.0368774459 0.0035585022 0.0074074042 0.0107142018 0.0061893774 0.0091902017 0.0102886717 0.0208563756 0.0090873435 0.0073028198 0.0109377013 0.0009484147 0.0139037706 -0.0089646447  
-0.0764048592 -0.0097702620 0.0025542408 -0.0062088553 0.0053531994 0.0036423117 -0.0324112913 -0.0956833897 0.0749527912 0.0065503447 0.0160773257 0.0225486416 0.0128018576 0.0197358167 0.0208563756 0.0460063071 0.0229552567 0.0151135032 0.0229359217 0.0012838154 0.0300226378 -0.0187191915  
-0.2107096068 -0.0231927462 -0.0316656097 -0.1251313794 -0.0408796985 -0.0937574010 -0.0055546295 -0.0179381235 0.2523687741 0.5258056298 0.0265988781 0.0420991282 -0.0017828258 -0.0145581067 0.0090873435 0.0229552567 0.4437236353 0.0042273500 0.0094128360 -0.0056994422 -0.0264169100 -0.0908816665  
-0.0138030438 0.0002311172 0.0030524805 0.0024638516 0.0036529981 0.0046494883 -0.0034053984 -0.0212330658 0.0279881661 0.0034534414 0.0040935114 0.0071571309 0.0043105670 0.0061354630 0.0073028198 0.0151135032 0.0042273500 0.0064548250 0.0086291326 0.0013519403 0.0102188442 -0.0076381839  
-0.0210253835 -0.0007886673 0.0035830768 0.0016064176 0.0045109611 0.0050864573 0.0027586091 -0.0253811977 0.0527967304 0.0178368066 0.0084872405 0.0107820090 0.0059821925 0.0089491471 0.0109377013 0.0229359217 0.0094128360 0.0086291326 0.0133952057 0.0017998611 0.0121846875 -0.0132777366  
0.0173152491 0.0027927059 0.0023609252 0.0055706510 0.0022813686 0.0036875735 0.0158795463 0.0082306431 0.0172186558 0.0023689178 0.0023116553 0.0011309480 0.0005730143 0.0003386929 0.0009484147 0.0012838154 -0.0056994422 0.0013519403 0.0017998611 0.0028242229 -0.0052914391 -0.0018710218  
-0.1581261716 -0.0072445226 0.0065621647 0.0061536077 0.0114261032 0.0228494765 -0.2864495808 -0.2795296814 -0.2574878188 -0.2866636171 -0.0564190421 -0.0023917616 0.0090376865 0.0153908349 0.0139037706 0.0300226378 -0.0264169100 0.0102188442 0.0121846875 -0.0052914391 0.1368303348 0.0361763344  
-0.0203380214 -0.0039787279 0.0006804086 0.0158022029 0.0040072291 0.0142661878 -0.1600844988 -0.1488987949 -0.2431866065 -0.2782571217 -0.0385025199 -0.0209132154 -0.0029650467 -0.0010749160 -0.0089646447 -0.0187191915 -0.0908816665 -0.0076381839 -0.0132777366 -0.0018710218 0.0361763344 0.0622748045  
2.0765067965 0.4822892550 0.3670418676 0.8767735867 0.3136260104 0.6694856035 0.2848960699 0.4723192212 -0.1039546327 -0.1576202476 -0.6677067507 -0.3603820198 -0.3052157905 -0.4671280629 -0.2009728224 -0.3638753483 -1.1889655901 -0.0222116584 0.0479264194 0.4186467935 -0.2662323844 0.2458587607  
0.4822892550 0.3676752113 0.2098942080 0.2178833627 0.1304328385 0.1760238666 0.1623225191 0.3868467969 0.0171055012 0.3085776811 -0.2668584212 -0.1609585908 -0.1232597145 -0.1718142402 -0.0945774943 -0.1551804960 0.5455080876 0.0320351961 0.0157111116 0.0115263373 0.0024352262 -0.1193165503  
0.3670418676 0.2098942080 0.1604972453 0.2042090676 0.1288379334 0.1799782056 0.0932964498 0.1845871451 0.0040806438 0.1024227595 -0.1431179943 -0.0741372168 -0.0410994915 -0.0788437051 -0.0166852298 -0.0516321489 0.2091735128 0.0674832608 0.0530104906 0.0493345181 -0.0296973891 -0.0429114627  
0.8767735867 0.2178833627 0.2042090676 0.4992991980 0.2208082037 0.4646306253 0.1324393607 0.2310338976 -0.0074801006 -0.0222540637 -0.3157172120 -0.1623713932 -0.1240578776 -0.1667292525 -0.0502707401 -0.0698330661 -0.6044926130 0.0301368704 0.0900659992 0.2095503147 0.0297481063 0.1095137782  
0.3136260104 0.1304328385 0.1288379334 0.2208082037 0.1369229139 0.2262377586 0.0833961532 0.1298524599 0.0325650626 0.0524683787 -0.0929285793 -0.0379111524 -0.0133189253 -0.0261744272 0.0192395645 0.0214114891 -0.0484174357 0.0702251224 0.0799778834 0.0644440879 0.0188541474 -0.0043903844  
0.6694856035 0.1760238666 0.1799782056 0.4646306253 0.2262377586 0.4916898261 0.1497963786 0.2531282985 0.0733793119 0.0942678907 -0.2622757700 -0.1266183468 -0.1004760128 -0.1008896108 -0.0189811602 0.0157936916 -0.5329732852 0.0364153799 0.1179831803 0.1682161140 0.1537953111 0.0726304280  
0.2848960699 0.1623225191 0.0932964498 0.1324393607 0.0833961532 0.1497963786 0.5102049444 0.5640003133 0.5774738835 0.7566019996 0.1328151654 0.1669259695 0.0506257343 0.0704223104 0.0391273836 0.0897304885 0.5747135030 0.0327319504 0.0635832318 0.0103208680 -0.0563913548 -0.2298331663  
0.4723192212 0.3868467969 0.1845871451 0.2310338976 0.1298524599 0.2531282985 0.5640003133 0.8542161453 0.5475869742 1.0347426230 -0.1357242226 -0.0180555890 -0.0968694971 -0.0755770459 -0.0749314936 -0.0346977662 0.9377676744 -0.0131305104 0.0378395002 -0.0257222491 0.1226009442 -0.3143444165  
-0.1039546327 0.0171055012 0.0040806438 -0.0074801006 0.0325650626 0.0733793119 0.5774738835 0.5475869742 0.8616223910 1.0197739539 0.3337693495 0.3974816996 0.1716679609 0.1942156239 0.1117007514 0.2000748662 0.8983995058 0.0430216942 0.0761994507 -0.0068869288 0.0308863133 -0.3466046464  
-0.1576202476 0.3085776811 0.1024227595 -0.0222540637 0.0524683787 0.0942678907 0.7566019996 1.0347426230 1.0197739539 1.7721618573 0.0607956295 0.2462646846 0.0223151593 0.0381930624 -0.0260782038 0.0488868428 2.2350135800 -0.0022840370 0.0300256607 -0.1080214926 0.2908845436 -0.6141350027  
-0.6677067507 -0.2668584212 -0.1431179943 -0.3157172120 -0.0929285793 -0.2622757700 0.1328151654 -0.1357242226 0.3337693495 0.0607956295 0.7122444354 0.4230121548 0.3330064859 0.4387637873 0.2557254408 0.3733454841 0.0993069787 0.1014106729 0.0632407620 -0.1629983285 -0.2192644705 -0.0929951141  
-0.3603820198 -0.1609585908 -0.0741372168 -0.1623713932 -0.0379111524 -0.1266183468 0.1669259695 -0.0180555890 0.3974816996 0.2462646846 0.4230121548 0.4329072697 0.2791927176 0.2540386278 0.1826896783 0.2063634286 0.4080650514 0.0956425732 0.0558949964 -0.0180448418 -0.1024870094 -0.1692325579  
-0.3052157905 -0.1232597145 -0.0410994915 -0.1240578776 -0.0133189253 -0.1004760128 0.0506257343 -0.0968694971 0.1716679609 0.0223151593 0.3330064859 0.2791927176 0.2225231244 0.2227647375 0.1636741193 0.1904594411 0.2102424160 0.1033633120 0.0597703836 -0.0402899551 -0.1005089900 -0.0851989910  
-0.4671280629 -0.1718142402 -0.0788437051 -0.1667292525 -0.0261744272 -0.1008896108 0.0704223104 -0.0755770459 0.1942156239 0.0381930624 0.4387637873 0.2540386278 0.2227647375 0.3311437297 0.1928132056 0.3155166590 -0.0088170856 0.0829912212 0.0753195864 -0.1351660544 -0.0362430965 -0.0589949467  
-0.2009728224 -0.0945774943 -0.0166852298 -0.0502707401 0.0192395645 -0.0189811602 0.0391273836 -0.0749314936 0.1117007514 -0.0260782038 0.2557254408 0.1826896783 0.1636741193 0.1928132056 0.1431039955 0.1910658925 -0.0040244119 0.0923328912 0.0736449281 -0.0321963644 -0.0606708958 -0.0320488313  
-0.3638753483 -0.1551804960 -0.0516321489 -0.0698330661 0.0214114891 0.0157936916 0.0897304885 -0.0346977662 0.2000748662 0.0488868428 0.3733454841 0.2063634286 0.1904594411 0.3155166590 0.1910658925 0.3418540134 -0.1894654679 0.0842860436 0.1066285628 -0.1042736148 0.0324926675 -0.0291586222  
-1.1889655901 0.5455080876 0.2091735128 -0.6044926130 -0.0484174357 -0.5329732852 0.5747135030 0.9377676744 0.8983995058 2.2350135800 0.0993069787 0.4080650514 0.2102424160 -0.0088170856 -0.0040244119 -0.1894654679 5.9118916477 0.2416787156 -0.0434870829 -0.3301419536 0.1320057555 -1.1666181415  
-0.0222116584 0.0320351961 0.0674832608 0.0301368704 0.0702251224 0.0364153799 0.0327319504 -0.0131305104 0.0430216942 -0.0022840370 0.1014106729 0.0956425732 0.1033633120 0.0829912212 0.0923328912 0.0842860436 0.2416787156 0.1176848070 0.0747977829 0.0039473763 -0.0748888075 -0.0581203924  
0.0479264194 0.0157111116 0.0530104906 0.0900659992 0.0799778834 0.1179831803 0.0635832318 0.0378395002 0.0761994507 0.0300256607 0.0632407620 0.0558949964 0.0597703836 0.0753195864 0.0736449281 0.1066285628 -0.0434870829 0.0747977829 0.0794529026 0.0161405977 0.0048853785 -0.0143684933  
0.4186467935 0.0115263373 0.0493345181 0.2095503147 0.0644440879 0.1682161140 0.0103208680 -0.0257222491 -0.0068869288 -0.1080214926 -0.1629983285 -0.0180448418 -0.0402899551 -0.1351660544 -0.0321963644 -0.1042736148 -0.3301419536 0.0039473763 0.0161405977 0.2158415613 -0.0599176809 0.0828719361  
-0.2662323844 0.0024352262 -0.0296973891 0.0297481063 0.0188541474 0.1537953111 -0.0563913548 0.1226009442 0.0308863133 0.2908845436 -0.2192644705 -0.1024870094 -0.1005089900 -0.0362430965 -0.0606708958 0.0324926675 0.1320057555 -0.0748888075 0.0048853785 -0.0599176809 0.5329207643 -0.0678143918  
0.2458587607 -0.1193165503 -0.0429114627 0.1095137782 -0.0043903844 0.0726304280 -0.2298331663 -0.3143444165 -0.3466046464 -0.6141350027 -0.0929951141 -0.1692325579 -0.0851989910 -0.0589949467 -0.0320488313 -0.0291586222 -1.1666181415 -0.0581203924 -0.0143684933 0.0828719361 -0.0678143918 0.3361510601  
0.5106976053 0.3453241751 0.2427064340 0.0863223864 0.1574887560 -0.0250760043 0.4789600197 0.4825547005 0.3857392360 0.4334015299 0.4181057493 0.1950225910 0.1686908434 0.1460251086 0.1688884135 0.1426963980 0.7977357357 0.2777445896 0.1645705657 -0.0595269331 -0.5656725088 -0.3161021271  
0.3453241751 0.2698203818 0.1879034211 0.0676286776 0.1253143191 -0.0040968002 0.3701159779 0.3788153128 0.3081264356 0.3638595767 0.3297055103 0.1580566471 0.1350466618 0.1218029552 0.1363342797 0.1271491496 0.6894967127 0.2128618869 0.1331296319 -0.0502296042 -0.3913031735 -0.2593016931  
0.2427064340 0.1879034211 0.1355146320 0.0519613945 0.0908137542 0.0021656190 0.2419182602 0.2513209893 0.1976754345 0.2369962259 0.2094924250 0.1014123477 0.0893176380 0.0769640149 0.0913524105 0.0813990580 0.4802715921 0.1531754891 0.0939662322 -0.0300543141 -0.2508728115 -0.1760245122  
0.0863223864 0.0676286776 0.0519613945 0.0358968666 0.0368142727 0.0214550893 0.0491195372 0.0646143162 0.0352209509 0.0584132778 0.0235973676 0.0148552828 0.0163733278 0.0074092488 0.0188798599 0.0126982607 0.1700093963 0.0484799951 0.0279841202 0.0025986079 -0.0212983391 -0.0497833796  
0.1574887560 0.1253143191 0.0908137542 0.0368142727 0.0639074939 0.0060286632 0.1557559510 0.1626066864 0.1263962929 0.1516343945 0.1358105109 0.0650566654 0.0585869325 0.0505860057 0.0612624458 0.0551570313 0.3075369023 0.1040563844 0.0653564024 -0.0193021591 -0.1561469920 -0.1106111264  
-0.0250760043 -0.0040968002 0.0021656190 0.0214550893 0.0060286632 0.0369763045 -0.0566628822 -0.0398817436 -0.0495014722 -0.0333124030 -0.0706021711 -0.0289345448 -0.0213691281 -0.0245408518 -0.0177377712 -0.0159523121 -0.0019992739 -0.0126701711 -0.0061290981 0.0165236060 0.1178239689 0.0216118947  
0.4789600197 0.3701159779 0.2419182602 0.0491195372 0.1557559510 -0.0566628822 0.6655455427 0.6328667367 0.5756768813 0.6273996300 0.6560948046 0.3016644799 0.2413014988 0.2493263122 0.2365954423 0.2488282785 0.9102686542 0.2866835428 0.1952176579 -0.1189850809 -0.7707768990 -0.3899939661  
0.4825547005 0.3788153128 0.2513209893 0.0646143162 0.1626066864 -0.0398817436 0.6328667367 0.6252578033 0.5502612168 0.6221754791 0.6069315037 0.2857659385 0.2297305529 0.2299808338 0.2255475070 0.2330630459 0.9948970994 0.2887968745 0.1921896327 -0.1059679944 -0.7036975479 -0.4007480044  
0.3857392360 0.3081264356 0.1976754345 0.0352209509 0.1263962929 -0.0495014722 0.5756768813 0.5502612168 0.5131514635 0.5599198320 0.5769759200 0.2674043638 0.2100184955 0.2220052088 0.2043405633 0.2230542422 0.7940777269 0.2317149190 0.1624004822 -0.1071094564 -0.6586058339 -0.3394921183  
0.4334015299 0.3638595767 0.2369962259 0.0584132778 0.1516343945 -0.0333124030 0.6273996300 0.6221754791 0.5599198320 0.6626572244 0.5927857060 0.2905020311 0.2275203452 0.2286931620 0.2190751280 0.2358021765 1.1098602900 0.2660473819 0.1799963049 -0.1058224215 -0.6502835200 -0.4227773947  
0.4181057493 0.3297055103 0.2094924250 0.0235973676 0.1358105109 -0.0706021711 0.6560948046 0.6069315037 0.5769759200 0.5927857060 0.6986665660 0.3070190341 0.2430598452 0.2697705930 0.2408014710 0.2678265340 0.6772980287 0.2572680384 0.1885228453 -0.1344098074 -0.8045488220 -0.3389184938  
0.1950225910 0.1580566471 0.1014123477 0.0148552828 0.0650566654 -0.0289345448 0.3016644799 0.2857659385 0.2674043638 0.2905020311 0.3070190341 0.1428566388 0.1118783358 0.1191430997 0.1088831830 0.1194943150 0.4055207217 0.1222519377 0.0860551977 -0.0582411566 -0.3494933729 -0.1765170855  
0.1686908434 0.1350466618 0.0893176380 0.0163733278 0.0585869325 -0.0213691281 0.2413014988 0.2297305529 0.2100184955 0.2275203452 0.2430598452 0.1118783358 0.0910097031 0.0936397819 0.0894046422 0.0942697434 0.3337950961 0.1098163835 0.0750431396 -0.0450684826 -0.2811049144 -0.1431511907  
0.1460251086 0.1218029552 0.0769640149 0.0074092488 0.0505860057 -0.0245408518 0.2493263122 0.2299808338 0.2220052088 0.2286931620 0.2697705930 0.1191430997 0.0936397819 0.1070350953 0.0931098485 0.1075598789 0.2494118049 0.0939577517 0.0717854268 -0.0534319267 -0.2993906609 -0.1264854973  
0.1688884135 0.1363342797 0.0913524105 0.0188798599 0.0612624458 -0.0177377712 0.2365954423 0.2255475070 0.2043405633 0.2190751280 0.2408014710 0.1088831830 0.0894046422 0.0931098485 0.0905622639 0.0947260292 0.3114676924 0.1124936274 0.0779394771 -0.0445268670 -0.2758549596 -0.1353454574  
0.1426963980 0.1271491496 0.0813990580 0.0126982607 0.0551570313 -0.0159523121 0.2488282785 0.2330630459 0.2230542422 0.2358021765 0.2678265340 0.1194943150 0.0942697434 0.1075598789 0.0947260292 0.1126575392 0.2689294534 0.0959996016 0.0750373359 -0.0530127278 -0.2820105526 -0.1289118250  
0.7977357357 0.6894967127 0.4802715921 0.1700093963 0.3075369023 -0.0019992739 0.9102686542 0.9948970994 0.7940777269 1.1098602900 0.6772980287 0.4055207217 0.3337950961 0.2494118049 0.3114676924 0.2689294534 2.8136489584 0.5451135599 0.3073652629 -0.0935540320 -0.7447226297 -0.8809143816  
0.2777445896 0.2128618869 0.1531754891 0.0484799951 0.1040563844 -0.0126701711 0.2866835428 0.2887968745 0.2317149190 0.2660473819 0.2572680384 0.1222519377 0.1098163835 0.0939577517 0.1124936274 0.0959996016 0.5451135599 0.1925741621 0.1162546615 -0.0396256274 -0.3223182306 -0.2014849103  
0.1645705657 0.1331296319 0.0939662322 0.0279841202 0.0653564024 -0.0061290981 0.1952176579 0.1921896327 0.1624004822 0.1799963049 0.1885228453 0.0860551977 0.0750431396 0.0717854268 0.0779394771 0.0750373359 0.3073652629 0.1162546615 0.0769229260 -0.0319659675 -0.2174332255 -0.1205952343  
-0.0595269331 -0.0502296042 -0.0300543141 0.0025986079 -0.0193021591 0.0165236060 -0.1189850809 -0.1059679944 -0.1071094564 -0.1058224215 -0.1344098074 -0.0582411566 -0.0450684826 -0.0534319267 -0.0445268670 -0.0530127278 -0.0935540320 -0.0396256274 -0.0319659675 0.0288036270 0.1499427252 0.0553708759  
-0.5656725088 -0.3913031735 -0.2508728115 -0.0212983391 -0.1561469920 0.1178239689 -0.7707768990 -0.7036975479 -0.6586058339 -0.6502835200 -0.8045488220 -0.3494933729 -0.2811049144 -0.2993906609 -0.2758549596 -0.2820105526 -0.7447226297 -0.3223182306 -0.2174332255 0.1499427252 1.0358917471 0.3952935688  
-0.3161021271 -0.2593016931 -0.1760245122 -0.0497833796 -0.1106111264 0.0216118947 -0.3899939661 -0.4007480044 -0.3394921183 -0.4227773947 -0.3389184938 -0.1765170855 -0.1431511907 -0.1264854973 -0.1353454574 -0.1289118250 -0.8809143816 -0.2014849103 -0.1205952343 0.0553708759 0.3952935688 0.3216339410  
3.7354564323 1.5924767986 1.0195487393 1.5350721852 0.6157263279 0.9380778217 0.1738476079 0.3457984880 -0.1188271366 -0.3598518569 0.0443356300 -0.0653589336 -0.0133660894 0.1008700522 0.0451019234 0.1572434095 -1.2440780098 0.0728568789 0.1104943572 0.3065222221 -0.2396234667 0.6000974013  
1.5924767986 2.0655308179 0.9862765390 0.7634489254 0.4087572576 0.4464423870 0.1664413826 0.7057481667 -0.0150222024 0.1829644284 -0.2620752421 -0.1603163556 -0.1566276186 -0.2043700127 -0.1432837603 -0.2162656783 -0.2650103213 -0.0056124454 -0.0232922819 -0.0109653290 0.1219418086 -0.5748924050  
1.0195487393 0.9862765390 0.6256501415 0.5756134606 0.3549963080 0.3714671577 0.1163838859 0.3241927852 0.0357137308 0.1402636362 -0.1216824514 -0.0093687786 -0.0130919806 -0.0801052204 -0.0144010981 -0.0696695064 0.1340008133 0.1376563186 0.0717089878 0.1040389149 0.0219428894 -0.2288959639  
1.5350721852 0.7634489254 0.5756134606 0.7782189980 0.3810029148 0.5120641915 0.1066789664 0.2025740579 0.0027749014 -0.0147046546 -0.0406479368 0.0094504281 0.0200080173 0.0044908904 0.0331204952 0.0369635874 -0.1461625686 0.1347962329 0.0974838300 0.2008127853 -0.0637522796 0.1273092584  
0.6157263279 0.4087572576 0.3549963080 0.3810029148 0.2602224411 0.2725132137 0.0788816185 0.1328703714 0.0495926589 0.0889869401 -0.0254127728 0.0523860979 0.0457856466 -0.0013775956 0.0435434301 0.0172587922 0.1992483903 0.1582774157 0.0976926784 0.1013518173 -0.0096244390 -0.0523724781  
0.9380778217 0.4464423870 0.3714671577 0.5120641915 0.2725132137 0.3672909004 0.0800242252 0.1336809790 0.0254176409 0.0223716478 -0.0100584983 0.0345434666 0.0351336859 0.0198181637 0.0436842407 0.0476560187 -0.0068198598 0.1227549383 0.0917569240 0.1306187016 -0.0250130075 0.0758484356  
0.1738476079 0.1664413826 0.1163838859 0.1066789664 0.0788816185 0.0800242252 0.1268160527 0.1662151602 0.1084708488 0.1794638590 0.0225217825 0.0509530404 0.0351825134 0.0045272342 0.0211964032 0.0028688860 0.2799476495 0.0566060450 0.0309763200 0.0333152841 -0.0541285087 -0.1046409430  
0.3457984880 0.7057481667 0.3241927852 0.2025740579 0.1328703714 0.1336809790 0.1662151602 0.4068239318 0.1155607463 0.3057415611 -0.1042181860 -0.0154596108 -0.0367818429 -0.0993342556 -0.0514336396 -0.1110551374 0.3338556739 0.0202892914 -0.0047573617 -0.0031342719 0.0360268168 -0.3682103940  
-0.1188271366 -0.0150222024 0.0357137308 0.0027749014 0.0495926589 0.0254176409 0.1084708488 0.1155607463 0.1296318580 0.2125092663 0.0251078510 0.0754163928 0.0541833741 0.0070926271 0.0350886283 0.0066066398 0.4379473687 0.0813245363 0.0428068851 0.0272567880 -0.0356353000 -0.1275833358  
-0.3598518569 0.1829644284 0.1402636362 -0.0147046546 0.0889869401 0.0223716478 0.1794638590 0.3057415611 0.2125092663 0.4972622073 -0.1175263612 0.0699147692 0.0278036645 -0.1139497814 -0.0134803100 -0.1250140396 1.0068397147 0.1187985306 0.0346705677 0.0485178652 0.0453700861 -0.4354967328  
0.0443356300 -0.2620752421 -0.1216824514 -0.0406479368 -0.0254127728 -0.0100584983 0.0225217825 -0.1042181860 0.0251078510 -0.1175263612 0.2220577476 0.0805999665 0.0830073014 0.1643510305 0.0908665131 0.1700878526 -0.2591185521 0.0192989945 0.0430512470 -0.0372054912 -0.1221488715 0.2085516673  
-0.0653589336 -0.1603163556 -0.0093687786 0.0094504281 0.0523860979 0.0345434666 0.0509530404 -0.0154596108 0.0754163928 0.0699147692 0.0805999665 0.0913791663 0.0786184406 0.0653226754 0.0713395980 0.0767378446 0.2263336397 0.0991369392 0.0683017590 0.0272445053 -0.0463919329 0.0187027509  
-0.0133660894 -0.1566276186 -0.0130919806 0.0200080173 0.0457856466 0.0351336859 0.0351825134 -0.0367818429 0.0541833741 0.0278036645 0.0830073014 0.0786184406 0.0724596205 0.0698073887 0.0684110553 0.0815121806 0.1395558476 0.0860015559 0.0620397741 0.0278663092 -0.0493154283 0.0527958971  
0.1008700522 -0.2043700127 -0.0801052204 0.0044908904 -0.0013775956 0.0198181637 0.0045272342 -0.0993342556 0.0070926271 -0.1139497814 0.1643510305 0.0653226754 0.0698073887 0.1354037325 0.0802591970 0.1471985782 -0.2239992109 0.0295792078 0.0466859652 -0.0146347027 -0.0788455184 0.1891499436  
0.0451019234 -0.1432837603 -0.0144010981 0.0331204952 0.0435434301 0.0436842407 0.0211964032 -0.0514336396 0.0350886283 -0.0134803100 0.0908665131 0.0713395980 0.0684110553 0.0802591970 0.0709300248 0.0951995854 0.0400190030 0.0761652103 0.0617466342 0.0212917188 -0.0439344396 0.0852631948  
0.1572434095 -0.2162656783 -0.0696695064 0.0369635874 0.0172587922 0.0476560187 0.0028688860 -0.1110551374 0.0066066398 -0.1250140396 0.1700878526 0.0767378446 0.0815121806 0.1471985782 0.0951995854 0.1687401606 -0.2315980395 0.0479955849 0.0631413416 -0.0005783247 -0.0757479041 0.2143065781  
-1.2440780098 -0.2650103213 0.1340008133 -0.1461625686 0.1992483903 -0.0068198598 0.2799476495 0.3338556739 0.4379473687 1.0068397147 -0.2591185521 0.2263336397 0.1395558476 -0.2239992109 0.0400190030 -0.2315980395 2.5928116882 0.4038799436 0.1510844176 0.2151501442 0.1089127720 -0.7841963764  
0.0728568789 -0.0056124454 0.1376563186 0.1347962329 0.1582774157 0.1227549383 0.0566060450 0.0202892914 0.0813245363 0.1187985306 0.0192989945 0.0991369392 0.0860015559 0.0295792078 0.0761652103 0.0479955849 0.4038799436 0.1788014758 0.1075216303 0.0772988374 -0.0117879469 -0.0482400990  
0.1104943572 -0.0232922819 0.0717089878 0.0974838300 0.0976926784 0.0917569240 0.0309763200 -0.0047573617 0.0428068851 0.0346705677 0.0430512470 0.0683017590 0.0620397741 0.0466859652 0.0617466342 0.0631413416 0.1510844176 0.1075216303 0.0754281313 0.0396344578 -0.0141991326 0.0225599425  
0.3065222221 -0.0109653290 0.1040389149 0.2008127853 0.1013518173 0.1306187016 0.0333152841 -0.0031342719 0.0272567880 0.0485178652 -0.0372054912 0.0272445053 0.0278663092 -0.0146347027 0.0212917188 -0.0005783247 0.2151501442 0.0772988374 0.0396344578 0.1392736018 -0.0396035706 0.0713844505  
-0.2396234667 0.1219418086 0.0219428894 -0.0637522796 -0.0096244390 -0.0250130075 -0.0541285087 0.0360268168 -0.0356353000 0.0453700861 -0.1221488715 -0.0463919329 -0.0493154283 -0.0788455184 -0.0439344396 -0.0757479041 0.1089127720 -0.0117879469 -0.0141991326 -0.0396035706 0.1645065711 -0.1620288705  
0.6000974013 -0.5748924050 -0.2288959639 0.1273092584 -0.0523724781 0.0758484356 -0.1046409430 -0.3682103940 -0.1275833358 -0.4354967328 0.2085516673 0.0187027509 0.0527958971 0.1891499436 0.0852631948 0.2143065781 -0.7841963764 -0.0482400990 0.0225599425 0.0713844505 -0.1620288705 0.7205166220  
0.5800737970 0.1896189576 0.1252655168 0.2267890369 0.1234398453 0.2284220166 0.0404422998 0.1925826541 -0.1271173441 -0.0278446511 -0.3222407146 -0.0890507825 -0.0593959176 -0.1556417091 -0.0423861139 -0.1350066157 -0.0409573624 0.0483262555 0.0525405053 0.0595401090 -0.0300764391 0.0318487528  
0.1896189576 0.1077244930 0.0872819776 0.1288888997 0.0849997073 0.1448921379 -0.0917730419 0.0148420136 -0.1326413695 -0.0333836770 -0.2252721248 -0.0227654781 -0.0075457925 -0.0776074720 -0.0009717355 -0.0450987703 0.3085553115 0.0548593971 0.0509122479 0.0275282385 0.1271439373 -0.0306815292  
0.1252655168 0.0872819776 0.0807211376 0.1252425623 0.0859582017 0.1514139900 -0.1247611505 -0.0223490580 -0.1273157967 -0.0393923127 -0.2138681695 -0.0039232969 0.0046761628 -0.0545282891 0.0119166300 -0.0140319638 0.2686330951 0.0582594763 0.0591198880 0.0194664448 0.1848975794 -0.0353553611  
0.2267890369 0.1288888997 0.1252425623 0.2601089229 0.1664146856 0.3307687738 -0.2064316880 -0.0104070663 -0.1614223962 -0.0347707492 -0.3563174315 -0.0059727564 0.0037638929 -0.0569169867 0.0329258053 0.0329851302 -0.0217550834 0.0899016359 0.1230078244 0.0238375635 0.4065577478 -0.0305097422  
0.1234398453 0.0849997073 0.0859582017 0.1664146856 0.1150020106 0.2180097078 -0.1746454818 -0.0397520480 -0.1490109420 -0.0578841626 -0.2543814119 -0.0039138992 0.0090864356 -0.0351842206 0.0286586907 0.0290036274 0.0496134684 0.0701494672 0.0894329838 0.0118405319 0.2916767635 -0.0217455870  
0.2284220166 0.1448921379 0.1514139900 0.3307687738 0.2180097078 0.4400427445 -0.3023569154 -0.0456840573 -0.2141486179 -0.0550261328 -0.4560157775 0.0009991028 0.0143901565 -0.0464107158 0.0573616744 0.0818348929 -0.1353288167 0.1195046022 0.1716487568 0.0187003391 0.5906958978 -0.0350456030  
0.0404422998 -0.0917730419 -0.1247611505 -0.2064316880 -0.1746454818 -0.3023569154 0.5490627599 0.3209264472 0.5180507742 0.3796622641 0.4394675999 0.0154312881 -0.0491099867 0.0116318724 -0.0787878080 -0.0966753305 -0.2942945348 -0.1416012651 -0.1561230005 0.0237903315 -0.6013677986 -0.0030301807  
0.1925826541 0.0148420136 -0.0223490580 -0.0104070663 -0.0397520480 -0.0456840573 0.3209264472 0.2960914046 0.2820139092 0.3027314217 0.0974270863 -0.0405502223 -0.0564998929 -0.0449939751 -0.0551392930 -0.0758882811 -0.2394613247 -0.0638947890 -0.0550618676 0.0308877949 -0.2393091381 -0.0080623010  
-0.1271173441 -0.1326413695 -0.1273157967 -0.1614223962 -0.1490109420 -0.2141486179 0.5180507742 0.2820139092 0.7359353748 0.5645791668 0.4780608699 0.1553838742 0.0040077183 0.0810015452 -0.0320537347 0.0116057666 -0.3258812526 -0.1280345047 -0.1191022172 0.0203203880 -0.3457439186 -0.1019940561  
-0.0278446511 -0.0333836770 -0.0393923127 -0.0347707492 -0.0578841626 -0.0550261328 0.3796622641 0.3027314217 0.5645791668 0.6010984955 0.1885701727 0.0975677556 -0.0101278526 0.0020522702 -0.0295558020 -0.0133461910 0.0937373091 -0.0708196243 -0.0584421956 0.0350026948 -0.0919637623 -0.1479353781  
-0.3222407146 -0.2252721248 -0.2138681695 -0.3563174315 -0.2543814119 -0.4560157775 0.4394675999 0.0974270863 0.4780608699 0.1885701727 0.6935003492 0.0705939615 -0.0018937035 0.1389492427 -0.0410978651 0.0059488082 -0.5013096458 -0.1679736367 -0.1855405465 -0.0254590996 -0.6313103773 0.0384377552  
-0.0890507825 -0.0227654781 -0.0039232969 -0.0059727564 -0.0039138992 0.0009991028 0.0154312881 -0.0405502223 0.1553838742 0.0975677556 0.0705939615 0.1358333720 0.0500130410 0.0360137301 0.0257324289 0.0372795285 0.2137725857 0.0097693961 0.0047173640 0.0081365950 0.0464437023 -0.0855632930  
-0.0593959176 -0.0075457925 0.0046761628 0.0037638929 0.0090864356 0.0143901565 -0.0491099867 -0.0564998929 0.0040077183 -0.0101278526 -0.0018937035 0.0500130410 0.0268914028 0.0187149552 0.0192923159 0.0277341910 0.1140774026 0.0165995369 0.0145835178 -0.0019521751 0.0651725979 -0.0306125088  
-0.1556417091 -0.0776074720 -0.0545282891 -0.0569169867 -0.0351842206 -0.0464107158 0.0116318724 -0.0449939751 0.0810015452 0.0020522702 0.1389492427 0.0360137301 0.0187149552 0.0798839830 0.0213008356 0.0768962064 -0.3523236509 -0.0244290698 -0.0079523843 -0.0247862539 0.0076859024 0.0193535120  
-0.0423861139 -0.0009717355 0.0119166300 0.0329258053 0.0286586907 0.0573616744 -0.0787878080 -0.0551392930 -0.0320537347 -0.0295558020 -0.0410978651 0.0257324289 0.0192923159 0.0213008356 0.0250752360 0.0460134637 -0.0374233388 0.0230224810 0.0330503475 -0.0058610711 0.1235408012 -0.0121252933  
-0.1350066157 -0.0450987703 -0.0140319638 0.0329851302 0.0290036274 0.0818348929 -0.0966753305 -0.0758882811 0.0116057666 -0.0133461910 0.0059488082 0.0372795285 0.0277341910 0.0768962064 0.0460134637 0.1211671398 -0.3955004944 0.0140223475 0.0490375744 -0.0243681799 0.2147627593 0.0051309158  
-0.0409573624 0.3085553115 0.2686330951 -0.0217550834 0.0496134684 -0.1353288167 -0.2942945348 -0.2394613247 -0.3258812526 0.0937373091 -0.5013096458 0.2137725857 0.1140774026 -0.3523236509 -0.0374233388 -0.3955004944 4.8276175052 0.1978799649 -0.0340128347 0.1261045113 0.0433727994 -0.5156819956  
0.0483262555 0.0548593971 0.0582594763 0.0899016359 0.0701494672 0.1195046022 -0.1416012651 -0.0638947890 -0.1280345047 -0.0708196243 -0.1679736367 0.0097693961 0.0165995369 -0.0244290698 0.0230224810 0.0140223475 0.1978799649 0.0562196256 0.0575619803 0.0071325119 0.1817102093 -0.0267595532  
0.0525405053 0.0509122479 0.0591198880 0.1230078244 0.0894329838 0.1716487568 -0.1561230005 -0.0550618676 -0.1191022172 -0.0584421956 -0.1855405465 0.0047173640 0.0145835178 -0.0079523843 0.0330503475 0.0490375744 -0.0340128347 0.0575619803 0.0785743432 0.0023556530 0.2557010895 -0.0138939677  
0.0595401090 0.0275282385 0.0194664448 0.0238375635 0.0118405319 0.0187003391 0.0237903315 0.0308877949 0.0203203880 0.0350026948 -0.0254590996 0.0081365950 -0.0019521751 -0.0247862539 -0.0058610711 -0.0243681799 0.1261045113 0.0071325119 0.0023556530 0.0165018615 -0.0172710864 -0.0230712713  
-0.0300764391 0.1271439373 0.1848975794 0.4065577478 0.2916767635 0.5906958978 -0.6013677986 -0.2393091381 -0.3457439186 -0.0919637623 -0.6313103773 0.0464437023 0.0651725979 0.0076859024 0.1235408012 0.2147627593 0.0433727994 0.1817102093 0.2557010895 -0.0172710864 1.1045577597 -0.0904888790  
0.0318487528 -0.0306815292 -0.0353553611 -0.0305097422 -0.0217455870 -0.0350456030 -0.0030301807 -0.0080623010 -0.1019940561 -0.1479353781 0.0384377552 -0.0855632930 -0.0306125088 0.0193535120 -0.0121252933 0.0051309158 -0.5156819956 -0.0267595532 -0.0138939677 -0.0230712713 -0.0904888790 0.1191633008  
0.5365547297 0.1819178819 0.1121352093 0.1453127987 0.0704082172 0.0836137628 0.1756406483 0.2217644800 0.1022825838 0.1187952243 -0.0150882461 0.0320798380 0.0249581018 -0.0121937257 0.0007351563 -0.0550136512 0.0261717452 0.0496947214 0.0106122258 0.0611365538 -0.1501865003 -0.0190878935  
0.1819178819 0.0768875544 0.0478421351 0.0520221873 0.0292508339 0.0254372057 0.0250926696 0.0504185291 -0.0096404472 -0.0098756940 -0.0131634443 0.0052021143 0.0131977834 -0.0015409514 0.0041569310 -0.0192174850 -0.0238892984 0.0304488485 0.0072737318 0.0196555814 -0.0452189581 -0.0008775728  
0.1121352093 0.0478421351 0.0429878496 0.0353851599 0.0308773546 0.0183074171 -0.0174079702 -0.0189646124 -0.0251706039 -0.0479322891 -0.0274943148 0.0189878611 0.0205187497 -0.0079344670 0.0113618590 -0.0213456651 0.1420476112 0.0466335740 0.0154478045 0.0173413720 -0.0347491297 -0.0196607541  
0.1453127987 0.0520221873 0.0353851599 0.0493163596 0.0252125178 0.0330922379 0.0374945042 0.0504405750 0.0288928393 0.0328656057 -0.0132334438 0.0124825288 0.0088015006 -0.0042210478 0.0020499386 -0.0151540562 0.0199049285 0.0183607149 0.0060326671 0.0194169984 -0.0279205887 -0.0106631062  
0.0704082172 0.0292508339 0.0308773546 0.0252125178 0.0248977192 0.0154598519 -0.0194640717 -0.0271388920 -0.0154812201 -0.0363775314 -0.0250215970 0.0188809544 0.0168652596 -0.0078978547 0.0099974940 -0.0165795574 0.1496636944 0.0379391476 0.0136443863 0.0134863871 -0.0213879343 -0.0211028400  
0.0836137628 0.0254372057 0.0183074171 0.0330922379 0.0154598519 0.0297453116 0.0343789659 0.0398249189 0.0421607691 0.0506099633 -0.0097547582 0.0111142270 0.0027988775 -0.0040877485 -0.0003237226 -0.0076650890 0.0291167509 0.0045792418 0.0030098898 0.0134162087 -0.0066665479 -0.0122634791  
0.1756406483 0.0250926696 -0.0174079702 0.0374945042 -0.0194640717 0.0343789659 0.2428793306 0.2754655443 0.2144886825 0.3022674989 0.0625622641 -0.0089595968 -0.0328249698 0.0068645175 -0.0311728322 0.0069027629 -0.2679301082 -0.0862356038 -0.0320382845 0.0113924743 -0.0379353941 0.0143996433  
0.2217644800 0.0504185291 -0.0189646124 0.0504405750 -0.0271388920 0.0398249189 0.2754655443 0.3572853296 0.2204937638 0.3432378755 0.0818161971 -0.0350187117 -0.0463642560 0.0185557767 -0.0413690007 0.0171561462 -0.5402206929 -0.1141122419 -0.0444945588 0.0084364955 -0.0274098666 0.0447139873  
0.1022825838 -0.0096404472 -0.0251706039 0.0288928393 -0.0154812201 0.0421607691 0.2144886825 0.2204937638 0.2451100401 0.3164262614 0.0445048508 0.0137055562 -0.0273352920 -0.0019094060 -0.0253006214 0.0059446617 -0.0571855271 -0.0769210471 -0.0236680304 0.0124151609 -0.0121374694 -0.0184054916  
0.1187952243 -0.0098756940 -0.0479322891 0.0328656057 -0.0363775314 0.0506099633 0.3022674989 0.3432378755 0.3164262614 0.4529097441 0.0790498015 -0.0099222638 -0.0521420086 0.0090779145 -0.0436359034 0.0234789339 -0.3207004236 -0.1342979134 -0.0445477042 0.0069238583 0.0105745840 0.0047075528  
-0.0150882461 -0.0131634443 -0.0274943148 -0.0132334438 -0.0250215970 -0.0097547582 0.0625622641 0.0818161971 0.0445048508 0.0790498015 0.0405352342 -0.0212274827 -0.0199725961 0.0109403504 -0.0146735070 0.0157572583 -0.2259092246 -0.0483640971 -0.0188207699 -0.0102261365 0.0046761544 0.0275966218  
0.0320798380 0.0052021143 0.0189878611 0.0124825288 0.0188809544 0.0111142270 -0.0089595968 -0.0350187117 0.0137055562 -0.0099222638 -0.0212274827 0.0305552929 0.0167640637 -0.0111095344 0.0099693272 -0.0159317587 0.2464194368 0.0328424675 0.0133887859 0.0115432973 -0.0209534357 -0.0342651915  
0.0249581018 0.0131977834 0.0205187497 0.0088015006 0.0168652596 0.0027988775 -0.0328249698 -0.0463642560 -0.0273352920 -0.0521420086 -0.0199725961 0.0167640637 0.0163275968 -0.0063037233 0.0102860829 -0.0126613772 0.1532631903 0.0348836041 0.0123642623 0.0071228799 -0.0165962193 -0.0187096605  
-0.0121937257 -0.0015409514 -0.0079344670 -0.0042210478 -0.0078978547 -0.0040877485 0.0068645175 0.0185557767 -0.0019094060 0.0090779145 0.0109403504 -0.0111095344 -0.0063037233 0.0064253380 -0.0041160275 0.0073269362 -0.1124792890 -0.0144501828 -0.0059331917 -0.0051697294 0.0090145609 0.0141115380  
0.0007351563 0.0041569310 0.0113618590 0.0020499386 0.0099974940 -0.0003237226 -0.0311728322 -0.0413690007 -0.0253006214 -0.0436359034 -0.0146735070 0.0099693272 0.0102860829 -0.0041160275 0.0075883635 -0.0071086924 0.1034965875 0.0234355183 0.0085816741 0.0031159285 -0.0056904258 -0.0118829446  
-0.0550136512 -0.0192174850 -0.0213456651 -0.0151540562 -0.0165795574 -0.0076650890 0.0069027629 0.0171561462 0.0059446617 0.0234789339 0.0157572583 -0.0159317587 -0.0126613772 0.0073269362 -0.0071086924 0.0147785833 -0.1383648329 -0.0279456855 -0.0096883496 -0.0102167125 0.0258300813 0.0174640328  
0.0261717452 -0.0238892984 0.1420476112 0.0199049285 0.1496636944 0.0291167509 -0.2679301082 -0.5402206929 -0.0571855271 -0.3207004236 -0.2259092246 0.2464194368 0.1532631903 -0.1124792890 0.1034965875 -0.1383648329 2.5279610503 0.3289103178 0.1330282106 0.0767221727 -0.1437462945 -0.3117005474  
0.0496947214 0.0304488485 0.0466335740 0.0183607149 0.0379391476 0.0045792418 -0.0862356038 -0.1141122419 -0.0769210471 -0.1342979134 -0.0483640971 0.0328424675 0.0348836041 -0.0144501828 0.0234355183 -0.0279456855 0.3289103178 0.0808547071 0.0284626780 0.0151801679 -0.0329036664 -0.0385703836  
0.0106122258 0.0072737318 0.0154478045 0.0060326671 0.0136443863 0.0030098898 -0.0320382845 -0.0444945588 -0.0236680304 -0.0445477042 -0.0188207699 0.0133887859 0.0123642623 -0.0059331917 0.0085816741 -0.0096883496 0.1330282106 0.0284626780 0.0108689166 0.0055331220 -0.0081118754 -0.0163806702  
0.0611365538 0.0196555814 0.0173413720 0.0194169984 0.0134863871 0.0134162087 0.0113924743 0.0084364955 0.0124151609 0.0069238583 -0.0102261365 0.0115432973 0.0071228799 -0.0051697294 0.0031159285 -0.0102167125 0.0767221727 0.0151801679 0.0055331220 0.0106629586 -0.0189013112 -0.0123420290  
-0.1501865003 -0.0452189581 -0.0347491297 -0.0279205887 -0.0213879343 -0.0066665479 -0.0379353941 -0.0274098666 -0.0121374694 0.0105745840 0.0046761544 -0.0209534357 -0.0165962193 0.0090145609 -0.0056904258 0.0258300813 -0.1437462945 -0.0329036664 -0.0081118754 -0.0189013112 0.0884689519 0.0149115827  
-0.0190878935 -0.0008775728 -0.0196607541 -0.0106631062 -0.0211028400 -0.0122634791 0.0143996433 0.0447139873 -0.0184054916 0.0047075528 0.0275966218 -0.0342651915 -0.0187096605 0.0141115380 -0.0118829446 0.0174640328 -0.3117005474 -0.0385703836 -0.0163806702 -0.0123420290 0.0149115827 0.0483661618  
0.0780032026 0.0434355391 0.0511778422 0.0617337572 0.0593329345 0.0739255220 -0.0739372544 -0.0312889925 -0.1404528383 -0.1108039728 -0.3792451702 -0.1092395462 -0.0066381324 -0.1021138003 0.0455880662 -0.0002237139 -0.0011711093 0.0867193830 0.0697674080 0.0472143251 0.0533040723 -0.0373947009  
0.0434355391 0.0375426741 0.0389226199 0.0380666951 0.0412837204 0.0456782848 -0.0306028820 0.0025069270 -0.0742615577 -0.0271099153 -0.2339037670 -0.0722071114 0.0074791803 -0.0495586014 0.0403725932 0.0156013842 0.1067232551 0.0662120843 0.0496767062 0.0162571818 0.0347466645 -0.0358176786  
0.0511778422 0.0389226199 0.0460123864 0.0481903428 0.0502318306 0.0580955094 -0.0470896344 -0.0107537542 -0.0946644338 -0.0552163616 -0.2811605836 -0.0548414402 0.0271644834 -0.0484741387 0.0542692627 0.0217329440 0.0902781545 0.0807455206 0.0594988375 0.0223601045 0.0440327181 -0.0498950068  
