0.1329677932 0.0800308080 0.0277608487 0.0239554121 0.0027775483 -0.0045081333 0.0877912561 0.1320614051 -0.0110276734 0.0502865339 -0.0620909247 -0.0933655232 -0.0441902965 -0.0661008555 -0.0377037545 -0.0753883694 0.0536705041 -0.0105148538 -0.0236208799 0.0125073765 -0.1356839985 -0.0297715886  
0.0800308080 0.1015673433 0.0398327142 0.0314149749 0.0154030086 0.0163204584 0.0090033630 0.0950134806 -0.0930097856 -0.0028759776 -0.1259751178 -0.1222366880 -0.0529754097 -0.0706390507 -0.0381506769 -0.0705694785 0.0768871297 -0.0036520339 -0.0168578989 0.0054427023 -0.0404258064 -0.0305156446  
0.0277608487 0.0398327142 0.0177816159 0.0128058202 0.0070218492 0.0069864813 -0.0037967829 0.0280337072 -0.0442085960 -0.0128795161 -0.0522236455 -0.0477132159 -0.0198593299 -0.0275429287 -0.0145044873 -0.0276928696 0.0385301414 -0.0001188939 -0.0062114067 0.0023531667 -0.0134414900 -0.0114271156  
0.0239554121 0.0314149749 0.0128058202 0.0189344406 0.0079780858 0.0162394829 -0.0137333126 0.0249870677 -0.0494994733 -0.0159303512 -0.0610717070 -0.0542791917 -0.0252651878 -0.0262929048 -0.0154974487 -0.0227699901 -0.0639706566 -0.0051262398 -0.0054707710 0.0028504945 0.0066193440 0.0051174523  
0.0027775483 0.0154030086 0.0070218492 0.0079780858 0.0058463211 0.0092054995 -0.0206416004 -0.0009241678 -0.0370085352 -0.0229463360 -0.0346067186 -0.0268229172 -0.0119766269 -0.0127388235 -0.0065293072 -0.0097888845 -0.0214013007 -0.0002634633 -0.0007834324 0.0001279806 0.0153527302 0.0048927524  
-0.0045081333 0.0163204584 0.0069864813 0.0162394829 0.0092054995 0.0242667353 -0.0432899274 -0.0040730076 -0.0611588548 -0.0339209717 -0.0618908936 -0.0455205111 -0.0223154764 -0.0169401131 -0.0098513384 -0.0084186729 -0.1133157487 -0.0042926110 0.0002959524 -0.0002649806 0.0502327920 0.0195392311  
0.0877912561 0.0090033630 -0.0037967829 -0.0137333126 -0.0206416004 -0.0432899274 0.2163161288 0.1868906471 0.2230450515 0.2724388307 0.1039610693 0.0568187343 0.0250861857 0.0123376589 -0.0000698382 -0.0097652786 0.2687564230 -0.0105699473 -0.0191267735 0.0086509813 -0.1628189905 -0.1082183198  
0.1320614051 0.0950134806 0.0280337072 0.0249870677 -0.0009241678 -0.0040730076 0.1868906471 0.2878430103 0.1193980984 0.2928779206 -0.0510127210 -0.0748957363 -0.0353324578 -0.0496094659 -0.0360572730 -0.0599783963 0.2039608619 -0.0213815124 -0.0305191286 0.0089758777 -0.1146955319 -0.1235527573  
-0.0110276734 -0.0930097856 -0.0442085960 -0.0494994733 -0.0370085352 -0.0611588548 0.2230450515 0.1193980984 0.3701574807 0.3529599623 0.2440814753 0.2047600024 0.0899147860 0.0958621218 0.0445290046 0.0740759725 0.2980648314 -0.0055204438 -0.0003650278 0.0004684199 -0.1005315463 -0.1182065209  
0.0502865339 -0.0028759776 -0.0128795161 -0.0159303512 -0.0229463360 -0.0339209717 0.2724388307 0.2928779206 0.3529599623 0.5129669648 0.1166830446 0.0967662525 0.0390789160 0.0390719244 0.0093917501 0.0247337918 0.3876778093 -0.0191629236 -0.0168198917 0.0001948605 -0.0817201919 -0.1908634551  
-0.0620909247 -0.1259751178 -0.0522236455 -0.0610717070 -0.0346067186 -0.0618908936 0.1039610693 -0.0510127210 0.2440814753 0.1166830446 0.2607474352 0.2155277751 0.0981713967 0.1066654275 0.0567961875 0.0874629551 0.1539713780 0.0087250871 0.0135975089 -0.0021577372 -0.0688997593 -0.0258841172  
-0.0933655232 -0.1222366880 -0.0477132159 -0.0542791917 -0.0268229172 -0.0455205111 0.0568187343 -0.0748957363 0.2047600024 0.0967662525 0.2155277751 0.2055717004 0.0941506839 0.1068249743 0.0577940653 0.0951567425 0.1475675916 0.0108565342 0.0182079914 -0.0053607780 -0.0045114455 -0.0268758744  
-0.0441902965 -0.0529754097 -0.0198593299 -0.0252651878 -0.0119766269 -0.0223154764 0.0250861857 -0.0353324578 0.0899147860 0.0390789160 0.0981713967 0.0941506839 0.0466182906 0.0510162230 0.0274321277 0.0441649663 0.0884079228 0.0061759358 0.0077071620 -0.0022151841 -0.0045727359 -0.0157700475  
-0.0661008555 -0.0706390507 -0.0275429287 -0.0262929048 -0.0127388235 -0.0169401131 0.0123376589 -0.0496094659 0.0958621218 0.0390719244 0.1066654275 0.1068249743 0.0510162230 0.0674516541 0.0336400532 0.0618599198 0.0070239172 0.0034195428 0.0109145041 -0.0041847070 0.0264057764 -0.0031195003  
-0.0377037545 -0.0381506769 -0.0145044873 -0.0154974487 -0.0065293072 -0.0098513384 -0.0000698382 -0.0360572730 0.0445290046 0.0093917501 0.0567961875 0.0577940653 0.0274321277 0.0336400532 0.0191042201 0.0320117677 0.0191670993 0.0038453949 0.0071075314 -0.0025575717 0.0157553769 0.0005586319  
-0.0753883694 -0.0705694785 -0.0276928696 -0.0227699901 -0.0097888845 -0.0084186729 -0.0097652786 -0.0599783963 0.0740759725 0.0247337918 0.0874629551 0.0951567425 0.0441649663 0.0618599198 0.0320117677 0.0645433740 -0.0355457378 0.0027444385 0.0133056488 -0.0056775664 0.0555365407 0.0076244615  
0.0536705041 0.0768871297 0.0385301414 -0.0639706566 -0.0214013007 -0.1133157487 0.2687564230 0.2039608619 0.2980648314 0.3876778093 0.1539713780 0.1475675916 0.0884079228 0.0070239172 0.0191670993 -0.0355457378 1.5102838193 0.0464231494 -0.0142038759 -0.0051337322 -0.2274372235 -0.3243120388  
-0.0105148538 -0.0036520339 -0.0001188939 -0.0051262398 -0.0002634633 -0.0042926110 -0.0105699473 -0.0213815124 -0.0055204438 -0.0191629236 0.0087250871 0.0108565342 0.0061759358 0.0034195428 0.0038453949 0.0027444385 0.0464231494 0.0056696805 0.0026658440 -0.0011055196 0.0016572108 -0.0007940687  
-0.0236208799 -0.0168578989 -0.0062114067 -0.0054707710 -0.0007834324 0.0002959524 -0.0191267735 -0.0305191286 -0.0003650278 -0.0168198917 0.0135975089 0.0182079914 0.0077071620 0.0109145041 0.0071075314 0.0133056488 -0.0142038759 0.0026658440 0.0057585560 -0.0021714372 0.0240964107 0.0099915384  
0.0125073765 0.0054427023 0.0023531667 0.0028504945 0.0001279806 -0.0002649806 0.0086509813 0.0089758777 0.0004684199 0.0001948605 -0.0021577372 -0.0053607780 -0.0022151841 -0.0041847070 -0.0025575717 -0.0056775664 -0.0051337322 -0.0011055196 -0.0021714372 0.0039581396 -0.0166196314 -0.0011910779  
-0.1356839985 -0.0404258064 -0.0134414900 0.0066193440 0.0153527302 0.0502327920 -0.1628189905 -0.1146955319 -0.1005315463 -0.0817201919 -0.0688997593 -0.0045114455 -0.0045727359 0.0264057764 0.0157553769 0.0555365407 -0.2274372235 0.0016572108 0.0240964107 -0.0166196314 0.2572681477 0.0576243138  
-0.0297715886 -0.0305156446 -0.0114271156 0.0051174523 0.0048927524 0.0195392311 -0.1082183198 -0.1235527573 -0.1182065209 -0.1908634551 -0.0258841172 -0.0268758744 -0.0157700475 -0.0031195003 0.0005586319 0.0076244615 -0.3243120388 -0.0007940687 0.0099915384 -0.0011910779 0.0576243138 0.1155066148  
0.0000510264 0.0000000906 0.0000008997 0.0000012938 0.0000005369 -0.0000013371 0.0000019275 -0.0000020814 0.0000014099 0.0000000728 0.0000000231 0.0000019189 -0.0000014549 0.0000015277 -0.0000007024 0.0000015736 -0.0000009475 -0.0000006673 -0.0000005569 0.0000034569 -0.0000003164 -0.0000010930  
0.0000000906 0.0000521703 -0.0000002159 -0.0000013511 -0.0000012375 0.0000005843 0.0000001784 -0.0000016744 -0.0000014738 -0.0000007052 -0.0000000930 0.0000020037 0.0000003386 0.0000007998 -0.0000028617 -0.0000014268 0.0000008149 -0.0000007188 -0.0000003773 -0.0000009572 0.0000006026 -0.0000017864  
0.0000008997 -0.0000002159 0.0000530708 -0.0000000264 0.0000003972 -0.0000002596 -0.0000006257 0.0000003808 0.0000004625 -0.0000001855 -0.0000003328 -0.0000027263 -0.0000002937 -0.0000009238 0.0000025487 0.0000029786 -0.0000025940 0.0000002975 -0.0000011632 0.0000003394 -0.0000002940 0.0000000406  
0.0000012938 -0.0000013511 -0.0000000264 0.0000513908 -0.0000008481 0.0000025237 0.0000008564 -0.0000008120 -0.0000003536 0.0000025598 0.0000000107 -0.0000015323 0.0000018939 0.0000031954 0.0000006339 -0.0000016412 0.0000013837 0.0000014294 0.0000004078 0.0000017297 0.0000015612 0.0000011913  
0.0000005369 -0.0000012375 0.0000003972 -0.0000008481 0.0000519653 -0.0000000054 -0.0000009520 -0.0000004123 0.0000030620 0.0000017686 0.0000012449 -0.0000023281 0.0000001517 0.0000019347 -0.0000011318 -0.0000003086 -0.0000023456 -0.0000004861 0.0000012465 0.0000017388 0.0000023261 -0.0000018693  
-0.0000013371 0.0000005843 -0.0000002596 0.0000025237 -0.0000000054 0.0000528785 -0.0000028274 0.0000007719 0.0000017642 -0.0000007403 -0.0000034093 0.0000014652 0.0000016924 0.0000027540 -0.0000007234 0.0000001837 0.0000021160 -0.0000019164 -0.0000012176 0.0000005451 -0.0000013915 0.0000002203  
0.0000019275 0.0000001784 -0.0000006257 0.0000008564 -0.0000009520 -0.0000028274 0.0000503799 -0.0000011052 -0.0000005226 -0.0000006382 0.0000007243 0.0000017584 -0.0000011290 0.0000008065 -0.0000006471 0.0000026849 0.0000016682 0.0000006202 0.0000012446 -0.0000008810 0.0000006840 -0.0000018820  
-0.0000020814 -0.0000016744 0.0000003808 -0.0000008120 -0.0000004123 0.0000007719 -0.0000011052 0.0000523797 -0.0000012374 0.0000004741 0.0000011467 -0.0000005727 -0.0000010211 0.0000000953 -0.0000003057 0.0000020420 -0.0000026399 -0.0000003384 -0.0000024267 0.0000000490 0.0000017143 -0.0000011020  
0.0000014099 -0.0000014738 0.0000004625 -0.0000003536 0.0000030620 0.0000017642 -0.0000005226 -0.0000012374 0.0000521326 0.0000001720 0.0000007056 0.0000009372 -0.0000003593 0.0000002529 0.0000005664 0.0000002263 -0.0000025077 0.0000031315 0.0000006305 -0.0000000871 0.0000012565 -0.0000006896  
0.0000000728 -0.0000007052 -0.0000001855 0.0000025598 0.0000017686 -0.0000007403 -0.0000006382 0.0000004741 0.0000001720 0.0000545632 -0.0000009002 -0.0000023933 0.0000009185 -0.0000027555 -0.0000003047 0.0000000874 0.0000002922 -0.0000027238 -0.0000011627 -0.0000013330 -0.0000008712 0.0000006007  
0.0000000231 -0.0000000930 -0.0000003328 0.0000000107 0.0000012449 -0.0000034093 0.0000007243 0.0000011467 0.0000007056 -0.0000009002 0.0000539502 0.0000013826 -0.0000011479 -0.0000008134 0.0000005303 0.0000003424 -0.0000018098 0.0000013478 0.0000004564 0.0000019191 0.0000022848 0.0000016451  
0.0000019189 0.0000020037 -0.0000027263 -0.0000015323 -0.0000023281 0.0000014652 0.0000017584 -0.0000005727 0.0000009372 -0.0000023933 0.0000013826 0.0000530791 0.0000009979 0.0000003683 -0.0000030699 0.0000000600 0.0000007021 0.0000009281 -0.0000020666 0.0000018520 0.0000014491 0.0000001125  
-0.0000014549 0.0000003386 -0.0000002937 0.0000018939 0.0000001517 0.0000016924 -0.0000011290 -0.0000010211 -0.0000003593 0.0000009185 -0.0000011479 0.0000009979 0.0000529413 0.0000000502 -0.0000020576 0.0000011222 -0.0000000578 0.0000008544 0.0000015422 0.0000012100 0.0000013938 -0.0000003294  
0.0000015277 0.0000007998 -0.0000009238 0.0000031954 0.0000019347 0.0000027540 0.0000008065 0.0000000953 0.0000002529 -0.0000027555 -0.0000008134 0.0000003683 0.0000000502 0.0000521955 -0.0000013037 -0.0000004385 0.0000017369 0.0000001412 -0.0000012418 0.0000003661 0.0000019179 0.0000020829  
-0.0000007024 -0.0000028617 0.0000025487 0.0000006339 -0.0000011318 -0.0000007234 -0.0000006471 -0.0000003057 0.0000005664 -0.0000003047 0.0000005303 -0.0000030699 -0.0000020576 -0.0000013037 0.0000551754 -0.0000004036 -0.0000000448 0.0000001047 0.0000017394 0.0000027647 0.0000006468 0.0000018095  
0.0000015736 -0.0000014268 0.0000029786 -0.0000016412 -0.0000003086 0.0000001837 0.0000026849 0.0000020420 0.0000002263 0.0000000874 0.0000003424 0.0000000600 0.0000011222 -0.0000004385 -0.0000004036 0.0000526180 -0.0000008223 0.0000022334 -0.0000014348 -0.0000010005 0.0000022096 -0.0000019232  
-0.0000009475 0.0000008149 -0.0000025940 0.0000013837 -0.0000023456 0.0000021160 0.0000016682 -0.0000026399 -0.0000025077 0.0000002922 -0.0000018098 0.0000007021 -0.0000000578 0.0000017369 -0.0000000448 -0.0000008223 0.0000529260 -0.0000020669 0.0000034157 -0.0000011238 0.0000009875 -0.0000000840  
-0.0000006673 -0.0000007188 0.0000002975 0.0000014294 -0.0000004861 -0.0000019164 0.0000006202 -0.0000003384 0.0000031315 -0.0000027238 0.0000013478 0.0000009281 0.0000008544 0.0000001412 0.0000001047 0.0000022334 -0.0000020669 0.0000547700 -0.0000007626 0.0000008110 0.0000010965 -0.0000000678  
-0.0000005569 -0.0000003773 -0.0000011632 0.0000004078 0.0000012465 -0.0000012176 0.0000012446 -0.0000024267 0.0000006305 -0.0000011627 0.0000004564 -0.0000020666 0.0000015422 -0.0000012418 0.0000017394 -0.0000014348 0.0000034157 -0.0000007626 0.0000536698 -0.0000008170 -0.0000006278 0.0000010073  
0.0000034569 -0.0000009572 0.0000003394 0.0000017297 0.0000017388 0.0000005451 -0.0000008810 0.0000000490 -0.0000000871 -0.0000013330 0.0000019191 0.0000018520 0.0000012100 0.0000003661 0.0000027647 -0.0000010005 -0.0000011238 0.0000008110 -0.0000008170 0.0000508880 0.0000009614 -0.0000004364  
-0.0000003164 0.0000006026 -0.0000002940 0.0000015612 0.0000023261 -0.0000013915 0.0000006840 0.0000017143 0.0000012565 -0.0000008712 0.0000022848 0.0000014491 0.0000013938 0.0000019179 0.0000006468 0.0000022096 0.0000009875 0.0000010965 -0.0000006278 0.0000009614 0.0000551875 -0.0000007040  
-0.0000010930 -0.0000017864 0.0000000406 0.0000011913 -0.0000018693 0.0000002203 -0.0000018820 -0.0000011020 -0.0000006896 0.0000006007 0.0000016451 0.0000001125 -0.0000003294 0.0000020829 0.0000018095 -0.0000019232 -0.0000000840 -0.0000000678 0.0000010073 -0.0000004364 -0.0000007040 0.0000524459  
0.2843497519 0.0908835242 0.0139635198 0.0064283361 -0.0418194185 -0.0719929060 0.2591108342 0.2532997934 0.1477833599 0.2065376004 -0.0210188781 -0.1372134241 -0.1368102332 -0.1832990931 -0.1364404234 -0.2392835042 0.0884484360 -0.0889307219 -0.0927173261 0.0352762114 -0.4245769448 -0.1012000002  
0.0908835242 0.0496541176 0.0182346487 0.0179363845 -0.0012343621 -0.0007393499 0.0770717899 0.0923936514 0.0476334886 0.0939247648 -0.0290873423 -0.0482721316 -0.0432913763 -0.0522412940 -0.0377571137 -0.0540955202 0.1454956406 -0.0329565098 -0.0249606690 0.0099457512 -0.0844098832 -0.0499560343  
0.0139635198 0.0182346487 0.0212171106 0.0111336797 0.0157105952 0.0050209490 -0.0046174625 0.0001227842 -0.0134205603 -0.0064653319 -0.0268876445 -0.0096397762 0.0064306475 -0.0033117222 0.0132123504 0.0013951416 0.1018330875 0.0409602452 0.0200050233 0.0036814219 -0.0071542210 -0.0247330898  
0.0064283361 0.0179363845 0.0111336797 0.0304466057 0.0126299494 0.0406123700 0.0260695051 0.0340533795 0.0499883706 0.0709170197 0.0396510070 0.0300446061 0.0147036212 0.0368039113 0.0140297680 0.0549953911 0.0703093804 -0.0386022972 -0.0027438259 0.0034609145 0.0511339285 0.0146849203  
-0.0418194185 -0.0012343621 0.0157105952 0.0126299494 0.0254764936 0.0252330712 -0.0457324070 -0.0434960951 -0.0236580527 -0.0301038241 0.0028329602 0.0371279707 0.0456501677 0.0508225470 0.0505724014 0.0699418488 0.0907879457 0.0540987578 0.0414578979 -0.0018682092 0.0835146232 0.0020846218  
-0.0719929060 -0.0007393499 0.0050209490 0.0406123700 0.0252330712 0.0889989522 -0.0375011372 -0.0140466320 0.0361388965 0.0666341128 0.0506662760 0.0787361941 0.0495035996 0.1004775914 0.0464687664 0.1482686843 0.0960764091 -0.0636502385 0.0075237995 -0.0095072823 0.2350265999 0.0463516120  
0.2591108342 0.0770717899 -0.0046174625 0.0260695051 -0.0457324070 -0.0375011372 0.4770392624 0.3948597737 0.4930363257 0.5409634860 0.3854646251 0.1894544191 0.0676512126 0.0817465355 0.0181808014 0.0525196980 0.5692370639 -0.1397505244 -0.0659744560 0.0501622913 -0.3936124747 -0.0840390229  
0.2532997934 0.0923936514 0.0001227842 0.0340533795 -0.0434960951 -0.0140466320 0.3948597737 0.3739820667 0.3950703674 0.4930521230 0.2280506226 0.0818033087 -0.0109499482 0.0019426677 -0.0459756224 -0.0176736306 0.5049039074 -0.1862809521 -0.0974019289 0.0370585352 -0.3055490129 -0.1013522736  
0.1477833599 0.0476334886 -0.0134205603 0.0499883706 -0.0236580527 0.0361388965 0.4930363257 0.3950703674 0.6529152421 0.6989513584 0.6033371841 0.4405729053 0.2428177357 0.3156626031 0.1630929908 0.3358390575 0.9225904999 -0.1544213129 -0.0184710729 0.0453332689 -0.1698554915 -0.0584249289  
0.2065376004 0.0939247648 -0.0064653319 0.0709170197 -0.0301038241 0.0666341128 0.5409634860 0.4930521230 0.6989513584 0.8602073045 0.5176207998 0.3957504731 0.1896493310 0.2664130580 0.1091269717 0.3062128246 1.2333575665 -0.2553220386 -0.0711437428 0.0407369148 -0.1109072081 -0.1377298818  
-0.0210188781 -0.0290873423 -0.0268876445 0.0396510070 0.0028329602 0.0506662760 0.3854646251 0.2280506226 0.6033371841 0.5176207998 0.8150649255 0.5994026274 0.3910380976 0.5061961023 0.3087122905 0.5341734254 0.5509561707 -0.0318605867 0.0820407061 0.0372337107 -0.0712462847 0.0919759698  
-0.1372134241 -0.0482721316 -0.0096397762 0.0300446061 0.0371279707 0.0787361941 0.1894544191 0.0818033087 0.4405729053 0.3957504731 0.5994026274 0.6083915517 0.4450672928 0.5357320352 0.3707657604 0.6054507349 0.9136154225 0.0856658595 0.1450957016 0.0104047036 0.1971351896 0.0031132370  
-0.1368102332 -0.0432913763 0.0064306475 0.0147036212 0.0456501677 0.0495035996 0.0676512126 -0.0109499482 0.2428177357 0.1896493310 0.3910380976 0.4450672928 0.3654587031 0.4161014537 0.3202205334 0.4727485912 0.7090251341 0.1681976540 0.1592328246 -0.0016620326 0.1794600915 -0.0129559395  
-0.1832990931 -0.0522412940 -0.0033117222 0.0368039113 0.0508225470 0.1004775914 0.0817465355 0.0019426677 0.3156626031 0.2664130580 0.5061961023 0.5357320352 0.4161014537 0.5196302806 0.3627900021 0.6018569196 0.6981681261 0.1006046238 0.1572124515 -0.0079303994 0.3032426512 0.0464780108  
-0.1364404234 -0.0377571137 0.0132123504 0.0140297680 0.0505724014 0.0464687664 0.0181808014 -0.0459756224 0.1630929908 0.1091269717 0.3087122905 0.3707657604 0.3202205334 0.3627900021 0.2935634396 0.4209648978 0.5987177781 0.1848672817 0.1610932731 -0.0050972552 0.1915350874 -0.0051655209  
-0.2392835042 -0.0540955202 0.0013951416 0.0549953911 0.0699418488 0.1482686843 0.0525196980 -0.0176736306 0.3358390575 0.3062128246 0.5341734254 0.6054507349 0.4727485912 0.6018569196 0.4209648978 0.7307688108 0.8984163371 0.0971889499 0.1843875879 -0.0169506637 0.4879257058 0.0562103363  
0.0884484360 0.1454956406 0.1018330875 0.0703093804 0.0907879457 0.0960764091 0.5692370639 0.5049039074 0.9225904999 1.2333575665 0.5509561707 0.9136154225 0.7090251341 0.6981681261 0.5987177781 0.8984163371 4.2793834145 0.2631341005 0.2499611269 0.0230911395 0.4020496480 -0.6522803757  
-0.0889307219 -0.0329565098 0.0409602452 -0.0386022972 0.0540987578 -0.0636502385 -0.1397505244 -0.1862809521 -0.1544213129 -0.2553220386 -0.0318605867 0.0856658595 0.1681976540 0.1006046238 0.1848672817 0.0971889499 0.2631341005 0.3868401522 0.1892961547 -0.0012880597 -0.0387481549 -0.0775429026  
-0.0927173261 -0.0249606690 0.0200050233 -0.0027438259 0.0414578979 0.0075237995 -0.0659744560 -0.0974019289 -0.0184710729 -0.0711437428 0.0820407061 0.1450957016 0.1592328246 0.1572124515 0.1610932731 0.1843875879 0.2499611269 0.1892961547 0.1230308005 -0.0031139986 0.0946147657 -0.0109785836  
0.0352762114 0.0099457512 0.0036814219 0.0034609145 -0.0018682092 -0.0095072823 0.0501622913 0.0370585352 0.0453332689 0.0407369148 0.0372337107 0.0104047036 -0.0016620326 -0.0079303994 -0.0050972552 -0.0169506637 0.0230911395 -0.0012880597 -0.0031139986 0.0173318956 -0.0854072999 -0.0071547460  
-0.4245769448 -0.0844098832 -0.0071542210 0.0511339285 0.0835146232 0.2350265999 -0.3936124747 -0.3055490129 -0.1698554915 -0.1109072081 -0.0712462847 0.1971351896 0.1794600915 0.3032426512 0.1915350874 0.4879257058 0.4020496480 -0.0387481549 0.0946147657 -0.0854072999 1.0991721431 0.1199577167  
-0.1012000002 -0.0499560343 -0.0247330898 0.0146849203 0.0020846218 0.0463516120 -0.0840390229 -0.1013522736 -0.0584249289 -0.1377298818 0.0919759698 0.0031132370 -0.0129559395 0.0464780108 -0.0051655209 0.0562103363 -0.6522803757 -0.0775429026 -0.0109785836 -0.0071547460 0.1199577167 0.2157015792  
2.0205672063 0.9936330777 -0.2452903876 0.5240629783 -0.5682393595 -0.1518288146 0.2259291182 0.2215155691 -0.0462412859 -0.2235354807 0.0467561118 -0.2141389225 -0.2950071776 -0.2771619993 -0.3481794672 -0.4151216853 -1.0307649556 -0.6374494303 -0.4316577172 0.3097420178 -1.2038586370 0.7827303300  
0.9936330777 0.6731972608 0.0385230827 0.3056666188 -0.2095358730 -0.0548450512 0.1742185386 0.1741427725 0.0364849511 -0.0595197420 0.0791420288 -0.0754547472 -0.1148431947 -0.1031037533 -0.1386554097 -0.1613437946 -0.4969755924 -0.2828923275 -0.1884745190 0.1535356091 -0.6347056484 0.3266792988  
-0.2452903876 0.0385230827 0.3154363959 0.1169929464 0.2177272347 0.1067979529 0.0430990340 0.0505414892 0.0728108581 0.1230844354 0.0220641943 0.0510163437 0.0717386405 0.0613138636 0.0792614880 0.0948548437 0.2633104702 0.1399027167 0.0751203977 0.0145397139 0.0995117158 -0.1553686574  
0.5240629783 0.3056666188 0.1169929464 0.3256406540 -0.0368239698 0.0666755447 0.0713713937 0.0725966087 0.0022901965 -0.0128731143 -0.0070247379 -0.0548416925 -0.0633096370 -0.0670790440 -0.0768520153 -0.0913159892 -0.1593576632 -0.1271638824 -0.1050845015 0.1516123152 -0.3286801962 0.2059998182  
-0.5682393595 -0.2095358730 0.2177272347 -0.0368239698 0.2483175571 0.1026888622 -0.0308847265 -0.0285387364 0.0449990419 0.1108661910 -0.0013299602 0.0738315098 0.1028987030 0.0930099108 0.1180495842 0.1402813392 0.3687696357 0.2156593692 0.1346428571 -0.0507052077 0.3128727891 -0.2470439431  
-0.1518288146 -0.0548450512 0.1067979529 0.0666755447 0.1026888622 0.0839069302 -0.0201494029 -0.0203030572 0.0022058381 0.0301333283 -0.0194113302 0.0145795520 0.0270481645 0.0211068892 0.0309588463 0.0365922171 0.1261229198 0.0667351102 0.0366602709 0.0196000486 0.0937645626 -0.0563126440  
0.2259291182 0.1742185386 0.0430990340 0.0713713937 -0.0308847265 -0.0201494029 0.0729434015 0.0666293951 0.0347952661 0.0128534279 0.0417189108 -0.0048602494 -0.0144390674 -0.0116875920 -0.0200077654 -0.0229970190 -0.0907676312 -0.0520330853 -0.0370029257 0.0322052991 -0.1724845830 0.0576815796  
0.2215155691 0.1741427725 0.0505414892 0.0725966087 -0.0285387364 -0.0203030572 0.0666293951 0.0734955728 0.0331907434 0.0162987164 0.0355682963 -0.0074360594 -0.0166094559 -0.0155717542 -0.0221739251 -0.0265821888 -0.0789785047 -0.0508240104 -0.0375965846 0.0307817330 -0.1642830727 0.0497627741  
-0.0462412859 0.0364849511 0.0728108581 0.0022901965 0.0449990419 0.0022058381 0.0347952661 0.0331907434 0.0423256986 0.0408066160 0.0334133898 0.0233462471 0.0249681742 0.0254850279 0.0266168750 0.0326328905 0.0462390618 0.0334165890 0.0210503879 -0.0083167259 -0.0078642599 -0.0445356901  
-0.2235354807 -0.0595197420 0.1230844354 -0.0128731143 0.1108661910 0.0301333283 0.0128534279 0.0162987164 0.0408066160 0.0755692369 0.0139275947 0.0367695421 0.0483308730 0.0429129309 0.0542196222 0.0634168422 0.1762076950 0.0952575310 0.0558725433 -0.0267256271 0.1013233285 -0.1139063427  
0.0467561118 0.0791420288 0.0220641943 -0.0070247379 -0.0013299602 -0.0194113302 0.0417189108 0.0355682963 0.0334133898 0.0139275947 0.0490367786 0.0166616002 0.0115906553 0.0167807147 0.0110295970 0.0156811805 -0.0400707955 -0.0034258995 0.0027606509 -0.0034609952 -0.0625196960 -0.0041703126  
-0.2141389225 -0.0754547472 0.0510163437 -0.0548416925 0.0738315098 0.0145795520 -0.0048602494 -0.0074360594 0.0233462471 0.0367695421 0.0166616002 0.0349974629 0.0421000216 0.0420094161 0.0479807895 0.0581923587 0.1103184936 0.0768726827 0.0532381754 -0.0350799036 0.1092091509 -0.0950726227  
-0.2950071776 -0.1148431947 0.0717386405 -0.0633096370 0.1028987030 0.0270481645 -0.0144390674 -0.0166094559 0.0249681742 0.0483308730 0.0115906553 0.0421000216 0.0547451203 0.0529964975 0.0624693082 0.0756272684 0.1601386344 0.1045971947 0.0702729422 -0.0429443707 0.1584681665 -0.1232067230  
-0.2771619993 -0.1031037533 0.0613138636 -0.0670790440 0.0930099108 0.0211068892 -0.0116875920 -0.0155717542 0.0254850279 0.0429129309 0.0167807147 0.0420094161 0.0529964975 0.0541359828 0.0609518788 0.0749825899 0.1388135518 0.0973405732 0.0673316863 -0.0427639874 0.1453897890 -0.1123870334  
-0.3481794672 -0.1386554097 0.0792614880 -0.0768520153 0.1180495842 0.0309588463 -0.0200077654 -0.0221739251 0.0266168750 0.0542196222 0.0110295970 0.0479807895 0.0624693082 0.0609518788 0.0725378913 0.0874842992 0.1857879155 0.1213796787 0.0818802056 -0.0509828555 0.1898233705 -0.1430656264  
-0.4151216853 -0.1613437946 0.0948548437 -0.0913159892 0.1402813392 0.0365922171 -0.0229970190 -0.0265821888 0.0326328905 0.0634168422 0.0156811805 0.0581923587 0.0756272684 0.0749825899 0.0874842992 0.1081365288 0.2151929244 0.1442312891 0.0981407498 -0.0599131454 0.2250501804 -0.1665593866  
-1.0307649556 -0.4969755924 0.2633104702 -0.1593576632 0.3687696357 0.1261229198 -0.0907676312 -0.0789785047 0.0462390618 0.1762076950 -0.0400707955 0.1103184936 0.1601386344 0.1388135518 0.1857879155 0.2151929244 0.6717603693 0.3619585999 0.2221901644 -0.1289119247 0.5967873690 -0.4246782471  
-0.6374494303 -0.2828923275 0.1399027167 -0.1271638824 0.2156593692 0.0667351102 -0.0520330853 -0.0508240104 0.0334165890 0.0952575310 -0.0034258995 0.0768726827 0.1045971947 0.0973405732 0.1213796787 0.1442312891 0.3619585999 0.2203629132 0.1437254880 -0.0872981454 0.3635749836 -0.2621594813  
-0.4316577172 -0.1884745190 0.0751203977 -0.1050845015 0.1346428571 0.0366602709 -0.0370029257 -0.0375965846 0.0210503879 0.0558725433 0.0027606509 0.0532381754 0.0702729422 0.0673316863 0.0818802056 0.0981407498 0.2221901644 0.1437254880 0.0986207014 -0.0649925901 0.2475083280 -0.1772697258  
0.3097420178 0.1535356091 0.0145397139 0.1516123152 -0.0507052077 0.0196000486 0.0322052991 0.0307817330 -0.0083167259 -0.0267256271 -0.0034609952 -0.0350799036 -0.0429443707 -0.0427639874 -0.0509828555 -0.0599131454 -0.1289119247 -0.0872981454 -0.0649925901 0.0899841886 -0.1823610441 0.1255754601  
-1.2038586370 -0.6347056484 0.0995117158 -0.3286801962 0.3128727891 0.0937645626 -0.1724845830 -0.1642830727 -0.0078642599 0.1013233285 -0.0625196960 0.1092091509 0.1584681665 0.1453897890 0.1898233705 0.2250501804 0.5967873690 0.3635749836 0.2475083280 -0.1823610441 0.8125930315 -0.4662444557  
0.7827303300 0.3266792988 -0.1553686574 0.2059998182 -0.2470439431 -0.0563126440 0.0576815796 0.0497627741 -0.0445356901 -0.1139063427 -0.0041703126 -0.0950726227 -0.1232067230 -0.1123870334 -0.1430656264 -0.1665593866 -0.4246782471 -0.2621594813 -0.1772697258 0.1255754601 -0.4662444557 0.3874395533  
0.2637510690 0.1962020722 0.1696310206 0.1494301029 0.1273675191 0.0989979892 -0.0223066486 0.0696594798 -0.2672135890 -0.1537485690 -0.9259415225 -1.1067780908 -0.7807357512 -0.9875461240 -0.3749103893 -0.6165849827 0.1770670234 0.1190698515 0.0545668369 0.2635318801 -0.0975768129 0.0682328319  
0.1962020722 0.2070352131 0.1821654785 0.1284031864 0.1337805092 0.0709073073 -0.0140527933 0.0770752531 -0.2337830590 -0.0854795396 -0.7566586306 -0.8373311843 -0.4581254246 -0.6313693686 -0.1705570419 -0.3822847895 0.4663780694 0.2086272443 0.0936155541 0.1751069930 -0.0779837142 0.0068090346  
0.1696310206 0.1821654785 0.1726870140 0.1388626481 0.1389790612 0.0966688544 -0.0376045693 0.0321649680 -0.2250250587 -0.1378727817 -0.6284574376 -0.6454432806 -0.3412121818 -0.5033068357 -0.1246876324 -0.3094035409 0.1871069380 0.1959906884 0.0974762357 0.1539796928 -0.0627163871 -0.0048335161  
0.1494301029 0.1284031864 0.1388626481 0.1711493486 0.1394695553 0.1681632988 -0.0620890044 -0.0337228363 -0.1805406075 -0.2211281599 -0.5043736293 -0.5394960292 -0.4207196566 -0.5194186520 -0.2143971421 -0.3264427699 -0.5747192830 0.0741574921 0.0698417623 0.1653256885 -0.0057200619 0.0294694309  
0.1273675191 0.1337805092 0.1389790612 0.1394695553 0.1300809030 0.1251840424 -0.0456647768 -0.0081309363 -0.1666896386 -0.1573819423 -0.4370673024 -0.4160164866 -0.2421147366 -0.3549661421 -0.1001170072 -0.2227860352 -0.2052195189 0.1358033312 0.0847005267 0.1177166792 -0.0248449521 -0.0093594918  
0.0989979892 0.0709073073 0.0966688544 0.1681632988 0.1251840424 0.2023451697 -0.0562274162 -0.0615999557 -0.0922392810 -0.2006575024 -0.3283301436 -0.3707186163 -0.3925818624 -0.4057952930 -0.2340994933 -0.2622790585 -0.9965540279 -0.0192423839 0.0439309206 0.1210013286 0.0512776752 0.0327305422  
-0.0223066486 -0.0140527933 -0.0376045693 -0.0620890044 -0.0456647768 -0.0562274162 0.2038606154 0.1841386950 0.3008285374 0.3862670207 0.2280456914 0.0016635849 -0.0004790036 0.0867063344 0.0331317364 0.0966611713 0.6090049034 -0.0333895600 -0.0095704075 -0.0680581628 0.0198137649 -0.0363461498  
0.0696594798 0.0770752531 0.0321649680 -0.0337228363 -0.0081309363 -0.0615999557 0.1841386950 0.2655967306 0.1474366609 0.4390739569 -0.4281780900 -0.7039644381 -0.4083656583 -0.3681435823 -0.1517339793 -0.1949522982 1.1983322478 0.0323287376 -0.0058659297 0.0190976287 0.0063795065 -0.0052052932  
-0.2672135890 -0.2337830590 -0.2250250587 -0.1805406075 -0.1666896386 -0.0922392810 0.3008285374 0.1474366609 0.7994139885 0.6169626844 1.5915165661 1.5179559638 0.9221077594 1.2545181403 0.4657173046 0.8640057804 -0.0951468322 -0.2211957027 -0.0524584506 -0.3324652980 0.1710443440 -0.1506027831  
-0.1537485690 -0.0854795396 -0.1378727817 -0.2211281599 -0.1573819423 -0.2006575024 0.3862670207 0.4390739569 0.6169626844 1.0728627845 0.1049732320 -0.2648419036 -0.0811218088 0.2740937156 0.0188454720 0.2316713114 1.9981995122 -0.1329858646 -0.0962156058 -0.2479428247 0.1616882485 -0.0748164028  
-0.9259415225 -0.7566586306 -0.6284574376 -0.5043736293 -0.4370673024 -0.3283301436 0.2280456914 -0.4281780900 1.5915165661 0.1049732320 7.2370687526 8.8841184011 6.3155756983 6.4541174921 3.2346878421 4.2011526537 -2.5255366255 0.0067314181 0.1400700644 -1.1153872935 0.0762977500 -0.6758335374  
-1.1067780908 -0.8373311843 -0.6454432806 -0.5394960292 -0.4160164866 -0.3707186163 0.0016635849 -0.7039644381 1.5179559638 -0.2648419036 8.8841184011 12.9557323628 10.0021289560 9.6303273224 5.1714169539 6.1802474764 -2.7986095469 0.5343442899 0.3823426933 -1.6434101234 -0.0195307554 -1.2804556241  
-0.7807357512 -0.4581254246 -0.3412121818 -0.4207196566 -0.2421147366 -0.3925818624 -0.0004790036 -0.4083656583 0.9221077594 -0.0811218088 6.3155756983 10.0021289560 8.4148570388 7.8413960489 4.5078257798 5.0380626781 -0.2340988008 0.8919953911 0.4509388556 -1.3622701267 -0.1649487040 -1.1670279795  
-0.9875461240 -0.6313693686 -0.5033068357 -0.5194186520 -0.3549661421 -0.4057952930 0.0867063344 -0.3681435823 1.2545181403 0.2740937156 6.4541174921 9.6303273224 7.8413960489 7.8316561915 4.1532106418 5.0430801324 -0.7359504394 0.4902550836 0.2895195095 -1.5177251055 0.0971732292 -1.0357074306  
-0.3749103893 -0.1705570419 -0.1246876324 -0.2143971421 -0.1001170072 -0.2340994933 0.0331317364 -0.1517339793 0.4657173046 0.0188454720 3.2346878421 5.1714169539 4.5078257798 4.1532106418 2.4824040596 2.6988456817 0.4175163469 0.6052336906 0.2931067289 -0.7044580671 -0.1167471604 -0.6445546630  
-0.6165849827 -0.3822847895 -0.3094035409 -0.3264427699 -0.2227860352 -0.2622790585 0.0966611713 -0.1949522982 0.8640057804 0.2316713114 4.2011526537 6.1802474764 5.0380626781 5.0430801324 2.6988456817 3.2894403580 -0.4032550595 0.3297669579 0.2047807579 -0.9590087435 0.0804442360 -0.6691014199  
0.1770670234 0.4663780694 0.1871069380 -0.5747192830 -0.2052195189 -0.9965540279 0.6090049034 1.1983322478 -0.0951468322 1.9981995122 -2.5255366255 -2.7986095469 -0.2340988008 -0.7359504394 0.4175163469 -0.4032550595 11.5879814275 1.1076145133 0.0849412989 -0.1875036442 -0.5205704637 -0.4670397885  
0.1190698515 0.2086272443 0.1959906884 0.0741574921 0.1358033312 -0.0192423839 -0.0333895600 0.0323287376 -0.2211957027 -0.1329858646 0.0067314181 0.5343442899 0.8919953911 0.4902550836 0.6052336906 0.3297669579 1.1076145133 0.5410524588 0.2265044453 0.0073076249 -0.1864561199 -0.2146710957  
0.0545668369 0.0936155541 0.0974762357 0.0698417623 0.0847005267 0.0439309206 -0.0095704075 -0.0058659297 -0.0524584506 -0.0962156058 0.1400700644 0.3823426933 0.4509388556 0.2895195095 0.2931067289 0.2047807579 0.0849412989 0.2265044453 0.1225125185 0.0096517913 -0.0546637116 -0.1005277147  
0.2635318801 0.1751069930 0.1539796928 0.1653256885 0.1177166792 0.1210013286 -0.0680581628 0.0190976287 -0.3324652980 -0.2479428247 -1.1153872935 -1.6434101234 -1.3622701267 -1.5177251055 -0.7044580671 -0.9590087435 -0.1875036442 0.0073076249 0.0096517913 0.4499589229 -0.0611332670 0.2173360883  
-0.0975768129 -0.0779837142 -0.0627163871 -0.0057200619 -0.0248449521 0.0512776752 0.0198137649 0.0063795065 0.1710443440 0.1616882485 0.0762977500 -0.0195307554 -0.1649487040 0.0971732292 -0.1167471604 0.0804442360 -0.5205704637 -0.1864561199 -0.0546637116 -0.0611332670 0.2162728851 0.0370096433  
0.0682328319 0.0068090346 -0.0048335161 0.0294694309 -0.0093594918 0.0327305422 -0.0363461498 -0.0052052932 -0.1506027831 -0.0748164028 -0.6758335374 -1.2804556241 -1.1670279795 -1.0357074306 -0.6445546630 -0.6691014199 -0.4670397885 -0.2146710957 -0.1005277147 0.2173360883 0.0370096433 0.3202138791  
0.2518988535 0.2201755510 0.1589692685 0.1274303007 0.0941943573 0.0549757117 0.1491662007 0.1883836232 0.0022235244 0.0850528323 -0.1654175236 -0.1310240749 -0.0791068916 -0.1327140047 -0.0381137643 -0.1064966669 0.3708830827 0.0780086496 0.0403004178 0.0217557532 -0.1854248543 -0.0610857957  
0.2201755510 0.2694523301 0.1971697416 0.1367439406 0.1203612394 0.0600121989 0.0292221851 0.1025040188 -0.1549262075 -0.0667369180 -0.2639530688 -0.2010595938 -0.1035309628 -0.1611716364 -0.0379627160 -0.1192071009 0.2902160665 0.1286840002 0.0685876276 0.0068319837 -0.1259000071 -0.0432697913  
0.1589692685 0.1971697416 0.1555805427 0.1045691746 0.0989855929 0.0428697586 0.0104471049 0.0553026462 -0.1241096827 -0.0778681352 -0.1872605836 -0.1187763964 -0.0466382998 -0.1040845382 -0.0073052327 -0.0843736712 0.2686242371 0.1355689064 0.0668015251 0.0093786700 -0.1087668481 -0.0496214460  
0.1274303007 0.1367439406 0.1045691746 0.0936303641 0.0710668920 0.0573646485 0.0338839969 0.0749554968 -0.0406083752 0.0139144406 -0.1329648876 -0.0724416288 -0.0418344374 -0.0732082323 -0.0184800445 -0.0544741285 0.1737734856 0.0482174561 0.0278609202 0.0089107713 -0.0586526104 -0.0370762798  
0.0941943573 0.1203612394 0.0989855929 0.0710668920 0.0727549376 0.0425820926 -0.0157166554 0.0203063512 -0.0892967551 -0.0575286522 -0.1371937554 -0.0586528660 -0.0141948468 -0.0533881573 0.0058974808 -0.0436057026 0.1691914896 0.0984863325 0.0506448418 0.0036651440 -0.0407804503 -0.0438594966  
0.0549757117 0.0600121989 0.0428697586 0.0573646485 0.0425820926 0.0682204571 -0.0144633051 0.0333689625 -0.0261184723 0.0293754885 -0.1131153951 -0.0360609105 -0.0284006457 -0.0305016674 -0.0169448295 -0.0118252513 0.0081726828 -0.0120021279 0.0048201792 -0.0046075449 0.0532385618 -0.0197014659  
0.1491662007 0.0292221851 0.0104471049 0.0338839969 -0.0157166554 -0.0144633051 0.4140408259 0.3454328412 0.4422218769 0.5069260059 0.2161589282 0.1131242306 0.0264350229 0.0112254384 -0.0057705621 0.0012895764 0.7665458927 -0.0672674128 -0.0372191876 0.0442010942 -0.2371541988 -0.1251343376  
0.1883836232 0.1025040188 0.0553026462 0.0749554968 0.0203063512 0.0333689625 0.3454328412 0.3505820153 0.3389180432 0.4709003079 0.0571013026 0.0077702708 -0.0401768806 -0.0476281507 -0.0376437970 -0.0261327797 0.6828390550 -0.0721786556 -0.0269871673 0.0314095085 -0.1672892954 -0.1171221074  
0.0022235244 -0.1549262075 -0.1241096827 -0.0406083752 -0.0892967551 -0.0261184723 0.4422218769 0.3389180432 0.6554281170 0.6994541748 0.4172252877 0.3067591052 0.1213092697 0.1487845904 0.0301983076 0.1112180556 0.7752752368 -0.1787584778 -0.0900537772 0.0450118691 -0.1273282130 -0.1535369471  
0.0850528323 -0.0667369180 -0.0778681352 0.0139144406 -0.0575286522 0.0293754885 0.5069260059 0.4709003079 0.6994541748 0.8799775401 0.2938800999 0.2157459426 0.0440405606 0.0850292851 -0.0136847404 0.0890500732 0.9835779170 -0.2264726133 -0.0955447013 0.0437551436 -0.0920491925 -0.1955733493  
-0.1654175236 -0.2639530688 -0.1872605836 -0.1329648876 -0.1371937554 -0.1131153951 0.2161589282 0.0571013026 0.4172252877 0.2938800999 0.5090825910 0.3336132275 0.1725680403 0.2028198773 0.0672830857 0.1278363515 0.2043970118 -0.1172446503 -0.0787884548 0.0263558309 -0.0995577014 -0.0278956284  
-0.1310240749 -0.2010595938 -0.1187763964 -0.0724416288 -0.0586528660 -0.0360609105 0.1131242306 0.0077702708 0.3067591052 0.2157459426 0.3336132275 0.3551442376 0.2206168821 0.2099497893 0.1096910829 0.1309288089 0.3553027424 -0.0028047905 -0.0176559206 0.0237195296 -0.0224094533 -0.1111244058  
-0.0791068916 -0.1035309628 -0.0466382998 -0.0418344374 -0.0141948468 -0.0284006457 0.0264350229 -0.0401768806 0.1213092697 0.0440405606 0.1725680403 0.2206168821 0.1641009960 0.1329417773 0.0947181552 0.0745834783 0.2744823368 0.0806004347 0.0256433835 0.0146111436 -0.0305335095 -0.0875295302  
-0.1327140047 -0.1611716364 -0.1040845382 -0.0732082323 -0.0533881573 -0.0305016674 0.0112254384 -0.0476281507 0.1487845904 0.0850292851 0.2028198773 0.2099497893 0.1329417773 0.1480907776 0.0688013445 0.1012622724 0.0489986830 -0.0180883001 -0.0142791379 0.0001338211 0.0513865820 -0.0388397786  
-0.0381137643 -0.0379627160 -0.0073052327 -0.0184800445 0.0058974808 -0.0169448295 -0.0057705621 -0.0376437970 0.0301983076 -0.0136847404 0.0672830857 0.1096910829 0.0947181552 0.0688013445 0.0635159503 0.0367978260 0.1844108041 0.0856313929 0.0347494964 0.0063336364 -0.0205633891 -0.0572215589  
-0.1064966669 -0.1192071009 -0.0843736712 -0.0544741285 -0.0436057026 -0.0118252513 0.0012895764 -0.0261327797 0.1112180556 0.0890500732 0.1278363515 0.1309288089 0.0745834783 0.1012622724 0.0367978260 0.0835406599 -0.0056241066 -0.0485423080 -0.0210419190 -0.0083028943 0.0881763267 -0.0181915526  
0.3708830827 0.2902160665 0.2686242371 0.1737734856 0.1691914896 0.0081726828 0.7665458927 0.6828390550 0.7752752368 0.9835779170 0.2043970118 0.3553027424 0.2744823368 0.0489986830 0.1844108041 -0.0056241066 3.3249879376 0.3888466320 0.1643021912 0.1377338126 -0.5575481510 -0.6573182492  
0.0780086496 0.1286840002 0.1355689064 0.0482174561 0.0984863325 -0.0120021279 -0.0672674128 -0.0721786556 -0.1787584778 -0.2264726133 -0.1172446503 -0.0028047905 0.0806004347 -0.0180883001 0.0856313929 -0.0485423080 0.3888466320 0.3021350667 0.1333205628 0.0151014169 -0.1431660205 -0.0984684501  
0.0403004178 0.0685876276 0.0668015251 0.0278609202 0.0506448418 0.0048201792 -0.0372191876 -0.0269871673 -0.0900537772 -0.0955447013 -0.0787884548 -0.0176559206 0.0256433835 -0.0142791379 0.0347494964 -0.0210419190 0.1643021912 0.1333205628 0.0638633466 0.0020359482 -0.0435466755 -0.0447590874  
0.0217557532 0.0068319837 0.0093786700 0.0089107713 0.0036651440 -0.0046075449 0.0442010942 0.0314095085 0.0450118691 0.0437551436 0.0263558309 0.0237195296 0.0146111436 0.0001338211 0.0063336364 -0.0083028943 0.1377338126 0.0151014169 0.0020359482 0.0179782720 -0.0595042865 -0.0245639122  
-0.1854248543 -0.1259000071 -0.1087668481 -0.0586526104 -0.0407804503 0.0532385618 -0.2371541988 -0.1672892954 -0.1273282130 -0.0920491925 -0.0995577014 -0.0224094533 -0.0305335095 0.0513865820 -0.0205633891 0.0881763267 -0.5575481510 -0.1431660205 -0.0435466755 -0.0595042865 0.4090636919 0.0794834417  
-0.0610857957 -0.0432697913 -0.0496214460 -0.0370762798 -0.0438594966 -0.0197014659 -0.1251343376 -0.1171221074 -0.1535369471 -0.1955733493 -0.0278956284 -0.1111244058 -0.0875295302 -0.0388397786 -0.0572215589 -0.0181915526 -0.6573182492 -0.0984684501 -0.0447590874 -0.0245639122 0.0794834417 0.1622043477  
0.3031769365 0.0264877944 0.0338234766 0.0967249080 0.0038926851 0.0131513349 0.0487323888 -0.0243914945 -0.1579090049 -0.2533650021 -0.8341283716 -0.8189410391 -0.5684081892 -0.7469760018 -0.3147126377 -0.5202888607 -0.5294209077 -0.0924293132 -0.0998314951 0.2838692458 -0.4381898947 0.0243590825  
0.0264877944 0.0286798346 0.0073812973 0.0036116594 0.0021911156 0.0047450655 0.0439185987 0.0814946496 0.0243641942 0.0956783137 -0.0850716901 -0.0803366381 -0.0435009413 -0.0448208436 -0.0178163533 -0.0172752138 0.1945499586 -0.0028709090 0.0019721062 0.0233872163 0.0223340468 -0.0266794830  
