0.8553868571 0.0627840486 0.0289607023 0.1113719583 0.0144650783 0.0327060660 0.4817939674 0.4647856963 0.0447552134 0.0641834278 -0.0269665878 -0.0509792742 -0.0509150467 -0.1318181118 -0.0581354584 -0.1613297565 -0.0427485058 -0.0209526057 -0.0295582207 0.2027809197 -0.4656397284 0.0191858439  
0.0627840486 0.0218123946 0.0069493806 0.0072031324 0.0026544695 0.0057129029 0.0711404169 0.1848542298 0.0461333725 0.1065805172 -0.0460428291 -0.0008717336 -0.0040114484 -0.0217645706 -0.0053982833 -0.0142126405 0.0250261809 -0.0003380291 -0.0005537732 -0.0048268713 0.0402915019 -0.0439234949  
0.0289607023 0.0069493806 0.0040483509 0.0093857357 0.0035793147 0.0088732231 -0.0039320920 0.0280776264 -0.0083581475 0.0054442582 -0.0239222551 -0.0022898759 -0.0016087608 -0.0066482525 -0.0011510855 -0.0029818067 0.0022777321 0.0010047170 0.0013081368 -0.0019272426 0.0200584576 -0.0018441587  
0.1113719583 0.0072031324 0.0093857357 0.0366544538 0.0114792862 0.0296018542 -0.0525550702 -0.0583360892 -0.0799596949 -0.0924897443 -0.0440519171 -0.0132881455 -0.0065845527 -0.0132986689 -0.0037114614 -0.0101715259 -0.0236704202 0.0021274486 0.0027991643 0.0156331545 -0.0101336873 0.0438075437  
0.0144650783 0.0026544695 0.0035793147 0.0114792862 0.0048975358 0.0124517806 -0.0359261255 -0.0220306033 -0.0295157567 -0.0282469219 -0.0235587788 -0.0030544405 -0.0006772747 -0.0018347806 0.0007029528 0.0020621916 -0.0048107753 0.0020756164 0.0027990964 -0.0044875130 0.0256346643 0.0120500080  
0.0327060660 0.0057129029 0.0088732231 0.0296018542 0.0124517806 0.0327612192 -0.1002214543 -0.0679662544 -0.0821015789 -0.0818536913 -0.0630809525 -0.0088335363 -0.0019843605 -0.0043242430 0.0019610904 0.0059888850 -0.0148439312 0.0053406266 0.0073554084 -0.0125095605 0.0680334970 0.0337202171  
0.4817939674 0.0711404169 -0.0039320920 -0.0525550702 -0.0359261255 -0.1002214543 1.1387196996 1.3696704642 0.7135909397 0.9012542627 0.1064728155 0.0192142747 -0.0296787935 -0.1343915278 -0.0588177264 -0.1634630234 0.1345719325 -0.0339527006 -0.0473774790 0.1279253338 -0.3350335295 -0.3630491079  
0.4647856963 0.1848542298 0.0280776264 -0.0583360892 -0.0220306033 -0.0679662544 1.3696704642 2.4930055587 0.9879467922 1.6004415448 -0.2096500860 0.0377077652 -0.0308619232 -0.2105501263 -0.0643001232 -0.1691943377 0.3190905991 -0.0239749620 -0.0327719012 -0.0336085925 0.2390487377 -0.6686968521  
0.0447552134 0.0461333725 -0.0083581475 -0.0799596949 -0.0295157567 -0.0821015789 0.7135909397 0.9879467922 0.5848415789 0.7751962191 0.0441466000 0.0384203560 -0.0033567788 -0.0679080946 -0.0241105972 -0.0680415571 0.1519619450 -0.0156228092 -0.0222920658 0.0048626489 -0.0062280947 -0.3265939251  
0.0641834278 0.1065805172 0.0054442582 -0.0924897443 -0.0282469219 -0.0818536913 0.9012542627 1.6004415448 0.7751962191 1.2078755153 -0.1026118439 0.0476216868 -0.0074297007 -0.1191949361 -0.0326214116 -0.0883573026 0.2635853553 -0.0144555361 -0.0205962115 -0.0546384590 0.2131075967 -0.4952379305  
-0.0269665878 -0.0460428291 -0.0239222551 -0.0440519171 -0.0235587788 -0.0630809525 0.1064728155 -0.2096500860 0.0441466000 -0.1026118439 0.2582690545 0.0162513412 0.0085760518 0.0480478412 0.0020796992 0.0017912436 -0.0408093634 -0.0109363619 -0.0159395540 0.0725908437 -0.3059989337 0.0487839449  
-0.0509792742 -0.0008717336 -0.0022898759 -0.0132881455 -0.0030544405 -0.0088335363 0.0192142747 0.0377077652 0.0384203560 0.0476216868 0.0162513412 0.0090485503 0.0048638376 0.0082338079 0.0033253161 0.0086854216 0.0139395202 0.0005659047 0.0005399665 -0.0125531330 0.0274064839 -0.0233632992  
-0.0509150467 -0.0040114484 -0.0016087608 -0.0065845527 -0.0006772747 -0.0019843605 -0.0296787935 -0.0308619232 -0.0033567788 -0.0074297007 0.0085760518 0.0048638376 0.0044798342 0.0113954685 0.0046176545 0.0123611696 0.0021979970 0.0016533279 0.0021512403 -0.0123722143 0.0277422124 0.0003060618  
-0.1318181118 -0.0217645706 -0.0066482525 -0.0132986689 -0.0018347806 -0.0043242430 -0.1343915278 -0.2105501263 -0.0679080946 -0.1191949361 0.0480478412 0.0082338079 0.0113954685 0.0408353214 0.0136071390 0.0368373492 -0.0190120082 0.0038541833 0.0052109840 -0.0206376242 0.0254203161 0.0446445342  
-0.0581354584 -0.0053982833 -0.0011510855 -0.0037114614 0.0007029528 0.0019610904 -0.0588177264 -0.0643001232 -0.0241105972 -0.0326214116 0.0020796992 0.0033253161 0.0046176545 0.0136071390 0.0058472205 0.0157316688 -0.0023379341 0.0025401254 0.0034514495 -0.0152523690 0.0368663131 0.0108456124  
-0.1613297565 -0.0142126405 -0.0029818067 -0.0101715259 0.0020621916 0.0059888850 -0.1634630234 -0.1691943377 -0.0680415571 -0.0883573026 0.0017912436 0.0086854216 0.0123611696 0.0368373492 0.0157316688 0.0435430168 -0.0062576198 0.0069478958 0.0095739376 -0.0441316997 0.1081657798 0.0282236041  
-0.0427485058 0.0250261809 0.0022777321 -0.0236704202 -0.0048107753 -0.0148439312 0.1345719325 0.3190905991 0.1519619450 0.2635853553 -0.0408093634 0.0139395202 0.0021979970 -0.0190120082 -0.0023379341 -0.0062576198 0.0684306788 -0.0002215244 -0.0006530184 -0.0322764992 0.1050446407 -0.1107556902  
-0.0209526057 -0.0003380291 0.0010047170 0.0021274486 0.0020756164 0.0053406266 -0.0339527006 -0.0239749620 -0.0156228092 -0.0144555361 -0.0109363619 0.0005659047 0.0016533279 0.0038541833 0.0025401254 0.0069478958 -0.0002215244 0.0019675739 0.0025654025 -0.0095599615 0.0302280878 0.0048891020  
-0.0295582207 -0.0005537732 0.0013081368 0.0027991643 0.0027990964 0.0073554084 -0.0473774790 -0.0327719012 -0.0222920658 -0.0205962115 -0.0159395540 0.0005399665 0.0021512403 0.0052109840 0.0034514495 0.0095739376 -0.0006530184 0.0025654025 0.0035768303 -0.0135403771 0.0425299590 0.0068182424  
0.2027809197 -0.0048268713 -0.0019272426 0.0156331545 -0.0044875130 -0.0125095605 0.1279253338 -0.0336085925 0.0048626489 -0.0546384590 0.0725908437 -0.0125531330 -0.0123722143 -0.0206376242 -0.0152523690 -0.0441316997 -0.0322764992 -0.0095599615 -0.0135403771 0.0892619906 -0.2516005026 0.0380989723  
-0.4656397284 0.0402915019 0.0200584576 -0.0101336873 0.0256346643 0.0680334970 -0.3350335295 0.2390487377 -0.0062280947 0.2131075967 -0.3059989337 0.0274064839 0.0277422124 0.0254203161 0.0368663131 0.1081657798 0.1050446407 0.0302280878 0.0425299590 -0.2516005026 0.7984461158 -0.1363407905  
0.0191858439 -0.0439234949 -0.0018441587 0.0438075437 0.0120500080 0.0337202171 -0.3630491079 -0.6686968521 -0.3265939251 -0.4952379305 0.0487839449 -0.0233632992 0.0003060618 0.0446445342 0.0108456124 0.0282236041 -0.1107556902 0.0048891020 0.0068182424 0.0380989723 -0.1363407905 0.2491514243  
0.2703911421 0.0241919220 0.0301757323 0.0891955457 0.0337139543 0.0773256926 -0.0613242904 -0.0673418469 -0.0858446841 -0.0830128049 0.2057762032 0.0179147637 0.0266420833 0.0883840985 0.0299706377 0.0667653483 -0.0169636093 0.0192580453 0.0197534826 0.0389841058 -0.0905264215 0.2934606043  
0.0241919220 0.0075671727 0.0058310511 0.0078468446 0.0053926211 0.0088089967 0.0001910038 0.0111657039 0.0035289661 0.0116470687 -0.0079181836 0.0031892748 0.0024542370 0.0000535483 0.0023910341 0.0016442608 0.0080576896 0.0042377276 0.0046660171 -0.0002734753 0.0031293743 0.0042096018  
0.0301757323 0.0058310511 0.0059783624 0.0120529511 0.0063934450 0.0126923344 -0.0101730901 -0.0022764728 -0.0078027248 -0.0027691960 0.0115998233 0.0037381374 0.0043361199 0.0092428767 0.0047487790 0.0087406220 0.0029902946 0.0046273432 0.0050227463 0.0005244929 0.0000347050 0.0282049065  
0.0891955457 0.0078468446 0.0120529511 0.0394803773 0.0144292180 0.0369780704 -0.0585841166 -0.0452642293 -0.0570090552 -0.0491394869 0.0565520860 0.0040059789 0.0104502565 0.0398346629 0.0133685065 0.0344631836 -0.0114749460 0.0075150395 0.0083387291 0.0052024912 -0.0037165026 0.1317457855  
0.0337139543 0.0053926211 0.0063934450 0.0144292180 0.0080694071 0.0159159649 -0.0174189614 -0.0087603562 -0.0134670844 -0.0085589332 0.0208008949 0.0047151763 0.0059038108 0.0137430713 0.0066851253 0.0127191271 0.0018904542 0.0061551327 0.0067340436 -0.0000459729 0.0017553430 0.0401601013  
0.0773256926 0.0088089967 0.0126923344 0.0369780704 0.0159159649 0.0389255268 -0.0574563522 -0.0384411451 -0.0498805407 -0.0407613518 0.0477446704 0.0068454737 0.0121912768 0.0388528046 0.0148549251 0.0362647174 -0.0060883874 0.0099402937 0.0109617121 -0.0008417883 0.0089652851 0.1176047243  
-0.0613242904 0.0001910038 -0.0101730901 -0.0585841166 -0.0174189614 -0.0574563522 0.2236448858 0.1371477967 0.1794792448 0.1286330494 0.0779119542 0.0217773310 -0.0006156346 -0.0407728790 -0.0125397420 -0.0484728943 0.0393803890 -0.0042712118 -0.0089847953 0.0202040640 -0.1191915130 -0.2152364989  
-0.0673418469 0.0111657039 -0.0022764728 -0.0452642293 -0.0087603562 -0.0384411451 0.1371477967 0.1360185981 0.1364083970 0.1407778794 -0.0984484681 0.0076986415 -0.0088722282 -0.0684437468 -0.0160312500 -0.0563772890 0.0505223954 -0.0000002120 -0.0013048170 -0.0040253839 -0.0057235363 -0.2266163796  
-0.0858446841 0.0035289661 -0.0078027248 -0.0570090552 -0.0134670844 -0.0498805407 0.1794792448 0.1364083970 0.1665717827 0.1412717157 0.0043262934 0.0184258539 -0.0021199257 -0.0495997894 -0.0119248116 -0.0475164288 0.0481646439 -0.0007159584 -0.0036947937 0.0021314219 -0.0547380761 -0.2259071104  
-0.0830128049 0.0116470687 -0.0027691960 -0.0491394869 -0.0085589332 -0.0407613518 0.1286330494 0.1407778794 0.1412717157 0.1585155209 -0.1167327012 0.0072292229 -0.0096433524 -0.0735178824 -0.0163203637 -0.0592261807 0.0572336972 0.0012614732 0.0005920425 -0.0099727592 0.0142985673 -0.2373162605  
0.2057762032 -0.0079181836 0.0115998233 0.0565520860 0.0208008949 0.0477446704 0.0779119542 -0.0984484681 0.0043262934 -0.1167327012 0.7351405846 0.0746386001 0.0693135775 0.2153212780 0.0621859977 0.1424298280 -0.0340935100 0.0218975269 0.0151734991 0.0603433496 -0.3060065957 0.3828974240  
0.0179147637 0.0031892748 0.0037381374 0.0040059789 0.0047151763 0.0068454737 0.0217773310 0.0076986415 0.0184258539 0.0072292229 0.0746386001 0.0135145834 0.0102778292 0.0210133009 0.0084712147 0.0152944588 0.0068056706 0.0059566734 0.0052517024 0.0025466987 -0.0285238169 0.0189727636  
0.0266420833 0.0024542370 0.0043361199 0.0104502565 0.0059038108 0.0121912768 -0.0006156346 -0.0088722282 -0.0021199257 -0.0096433524 0.0693135775 0.0102778292 0.0098867125 0.0255647137 0.0092850773 0.0199324415 0.0006206392 0.0055386167 0.0052305836 0.0021082392 -0.0201080805 0.0449245809  
0.0883840985 0.0000535483 0.0092428767 0.0398346629 0.0137430713 0.0388528046 -0.0407728790 -0.0684437468 -0.0495997894 -0.0735178824 0.2153212780 0.0210133009 0.0255647137 0.0889347445 0.0263797104 0.0685861983 -0.0201284983 0.0093759163 0.0083738709 0.0094982045 -0.0580279097 0.1936071777  
0.0299706377 0.0023910341 0.0047487790 0.0133685065 0.0066851253 0.0148549251 -0.0125397420 -0.0160312500 -0.0119248116 -0.0163203637 0.0621859977 0.0084712147 0.0092850773 0.0263797104 0.0095801660 0.0214440222 -0.0016641556 0.0055837961 0.0055951947 0.0010143254 -0.0128789917 0.0553982708  
0.0667653483 0.0016442608 0.0087406220 0.0344631836 0.0127191271 0.0362647174 -0.0484728943 -0.0563772890 -0.0475164288 -0.0592261807 0.1424298280 0.0152944588 0.0199324415 0.0685861983 0.0214440222 0.0573685080 -0.0146249655 0.0084558868 0.0082196547 0.0006827239 -0.0226379895 0.1542485450  
-0.0169636093 0.0080576896 0.0029902946 -0.0114749460 0.0018904542 -0.0060883874 0.0393803890 0.0505223954 0.0481646439 0.0572336972 -0.0340935100 0.0068056706 0.0006206392 -0.0201284983 -0.0016641556 -0.0146249655 0.0249757697 0.0050375895 0.0052017062 -0.0056014368 0.0090340047 -0.0733817624  
0.0192580453 0.0042377276 0.0046273432 0.0075150395 0.0061551327 0.0099402937 -0.0042712118 -0.0000002120 -0.0007159584 0.0012614732 0.0218975269 0.0059566734 0.0055386167 0.0093759163 0.0055837961 0.0084558868 0.0050375895 0.0059624798 0.0062916350 -0.0006998181 -0.0013860850 0.0187258214  
0.0197534826 0.0046660171 0.0050227463 0.0083387291 0.0067340436 0.0109617121 -0.0089847953 -0.0013048170 -0.0036947937 0.0005920425 0.0151734991 0.0052517024 0.0052305836 0.0083738709 0.0055951947 0.0082196547 0.0052017062 0.0062916350 0.0069924747 -0.0016781061 0.0034070369 0.0197830598  
0.0389841058 -0.0002734753 0.0005244929 0.0052024912 -0.0000459729 -0.0008417883 0.0202040640 -0.0040253839 0.0021314219 -0.0099727592 0.0603433496 0.0025466987 0.0021082392 0.0094982045 0.0010143254 0.0006827239 -0.0056014368 -0.0006998181 -0.0016781061 0.0188091090 -0.0507567841 0.0287363430  
-0.0905264215 0.0031293743 0.0000347050 -0.0037165026 0.0017553430 0.0089652851 -0.1191915130 -0.0057235363 -0.0547380761 0.0142985673 -0.3060065957 -0.0285238169 -0.0201080805 -0.0580279097 -0.0128789917 -0.0226379895 0.0090340047 -0.0013860850 0.0034070369 -0.0507567841 0.2022890524 -0.0749124134  
0.2934606043 0.0042096018 0.0282049065 0.1317457855 0.0401601013 0.1176047243 -0.2152364989 -0.2266163796 -0.2259071104 -0.2373162605 0.3828974240 0.0189727636 0.0449245809 0.1936071777 0.0553982708 0.1542485450 -0.0733817624 0.0187258214 0.0197830598 0.0287363430 -0.0749124134 0.5803397768  
0.0198218645 -0.0017033764 -0.0010926864 0.0035648768 -0.0012812627 0.0008028305 -0.0363613798 -0.0257237976 -0.0492036095 -0.0646160162 -0.0956437229 -0.0548383332 -0.0308550524 -0.0486420854 -0.0137749640 -0.0247954789 -0.0270899258 -0.0042334902 -0.0039282808 0.0321835133 -0.0242776798 -0.0139532434  
-0.0017033764 0.0005024404 0.0002211241 -0.0004461371 0.0000811819 -0.0002500323 0.0096697203 0.0065785444 0.0130596605 0.0136504443 0.0009777493 0.0049480679 0.0028679673 0.0036931222 0.0009663200 0.0016134543 0.0042118091 0.0002921309 0.0002445976 -0.0020490129 0.0030650463 0.0004156555  
-0.0010926864 0.0002211241 0.0002532559 -0.0000974054 0.0001183473 -0.0000240426 0.0030935072 0.0024221224 -0.0004134648 0.0043324286 -0.0014781260 0.0021566075 0.0014756277 0.0021700045 0.0004752179 0.0009024068 0.0017122688 0.0001579189 0.0001638076 -0.0015009765 0.0015560484 0.0034183559  
0.0035648768 -0.0004461371 -0.0000974054 0.0011752386 -0.0000735776 0.0005213690 -0.0138655193 -0.0086586498 -0.0286303807 -0.0214939138 -0.0224459668 -0.0123864054 -0.0064562693 -0.0094390990 -0.0028604103 -0.0048846439 -0.0070557457 -0.0008492555 -0.0006949139 0.0056992638 -0.0052140147 0.0043779008  
-0.0012812627 0.0000811819 0.0001183473 -0.0000735776 0.0002042850 0.0000796360 0.0000384774 0.0004551363 -0.0038500893 0.0010542666 0.0039152780 0.0027367252 0.0017554325 0.0029766367 0.0007638690 0.0014791511 0.0010975840 0.0002494442 0.0002634583 -0.0021385409 0.0014216051 0.0035990856  
0.0008028305 -0.0002500323 -0.0000240426 0.0005213690 0.0000796360 0.0004970638 -0.0087736377 -0.0052260361 -0.0184756017 -0.0117815288 -0.0048975821 -0.0039083662 -0.0018516799 -0.0022490136 -0.0007162224 -0.0010678596 -0.0030757467 -0.0001986254 -0.0001044732 0.0011486569 -0.0015468910 0.0042651839  
-0.0363613798 0.0096697203 0.0030935072 -0.0138655193 0.0000384774 -0.0087736377 0.2646463889 0.1675161617 0.4653834058 0.3667757483 0.1046378762 0.1292690288 0.0685333800 0.0856686370 0.0250022196 0.0397869728 0.1051459501 0.0073255349 0.0053037605 -0.0445385434 0.0697458742 -0.0650147721  
-0.0257237976 0.0065785444 0.0024221224 -0.0086586498 0.0004551363 -0.0052260361 0.1675161617 0.1106575224 0.2802985980 0.2367122448 0.0593546134 0.0853787513 0.0464092742 0.0590141027 0.0167673001 0.0271474991 0.0694775827 0.0049833985 0.0038006014 -0.0312264142 0.0485584490 -0.0290531319  
-0.0492036095 0.0130596605 -0.0004134648 -0.0286303807 -0.0038500893 -0.0184756017 0.4653834058 0.2802985980 1.0704667398 0.6624417423 0.3642061483 0.2337567679 0.1107222777 0.1333602710 0.0451536358 0.0685870314 0.1770346369 0.0126847367 0.0078436727 -0.0592699054 0.1110388685 -0.2765877423  
-0.0646160162 0.0136504443 0.0043324286 -0.0214939138 0.0010542666 -0.0117815288 0.3667757483 0.2367122448 0.6624417423 0.5353194396 0.2490964637 0.2211607778 0.1177584324 0.1568151663 0.0460133892 0.0758413463 0.1607915645 0.0136044584 0.0106556543 -0.0868345712 0.1145651379 -0.0853131265  
-0.0956437229 0.0009777493 -0.0014781260 -0.0224459668 0.0039152780 -0.0048975821 0.1046378762 0.0593546134 0.3642061483 0.2490964637 0.8558741125 0.3201207668 0.1654473973 0.2738232147 0.0845378163 0.1504388359 0.1161053806 0.0254444635 0.0226142446 -0.1828593828 0.1025661841 -0.0557912082  
-0.0548383332 0.0049480679 0.0021566075 -0.0123864054 0.0027367252 -0.0039083662 0.1292690288 0.0853787513 0.2337567679 0.2211607778 0.3201207668 0.1703533544 0.0921806758 0.1429216583 0.0417371790 0.0737632116 0.0850238563 0.0126331287 0.0112348453 -0.0928920965 0.0703268128 0.0007601344  
-0.0308550524 0.0028679673 0.0014756277 -0.0064562693 0.0017554325 -0.0018516799 0.0685333800 0.0464092742 0.1107222777 0.1177584324 0.1654473973 0.0921806758 0.0510064561 0.0791484317 0.0227639793 0.0405001856 0.0464957761 0.0069461102 0.0062625512 -0.0519162965 0.0394284513 0.0101448868  
-0.0486420854 0.0036931222 0.0021700045 -0.0094390990 0.0029766367 -0.0022490136 0.0856686370 0.0590141027 0.1333602710 0.1568151663 0.2738232147 0.1429216583 0.0791484317 0.1268068436 0.0362384069 0.0650255662 0.0667384979 0.0110828665 0.0101540565 -0.0843843855 0.0586138292 0.0256141182  
-0.0137749640 0.0009663200 0.0004752179 -0.0028604103 0.0007638690 -0.0007162224 0.0250022196 0.0167673001 0.0451536358 0.0460133892 0.0845378163 0.0417371790 0.0227639793 0.0362384069 0.0106861069 0.0189178381 0.0191946817 0.0032261302 0.0029247973 -0.0239709337 0.0168380875 0.0032555810  
-0.0247954789 0.0016134543 0.0009024068 -0.0048846439 0.0014791511 -0.0010678596 0.0397869728 0.0271474991 0.0685870314 0.0758413463 0.1504388359 0.0737632116 0.0405001856 0.0650255662 0.0189178381 0.0345807392 0.0330326473 0.0057818842 0.0052966375 -0.0433568384 0.0299818839 0.0096231570  
-0.0270899258 0.0042118091 0.0017122688 -0.0070557457 0.0010975840 -0.0030757467 0.1051459501 0.0694775827 0.1770346369 0.1607915645 0.1161053806 0.0850238563 0.0464957761 0.0667384979 0.0191946817 0.0330326473 0.0538335236 0.0057812148 0.0049280051 -0.0404302389 0.0412946249 -0.0084454404  
-0.0042334902 0.0002921309 0.0001579189 -0.0008492555 0.0002494442 -0.0001986254 0.0073255349 0.0049833985 0.0126847367 0.0136044584 0.0254444635 0.0126331287 0.0069461102 0.0110828665 0.0032261302 0.0057818842 0.0057812148 0.0010578830 0.0009016226 -0.0073496920 0.0052314122 0.0014234759  
-0.0039282808 0.0002445976 0.0001638076 -0.0006949139 0.0002634583 -0.0001044732 0.0053037605 0.0038006014 0.0078436727 0.0106556543 0.0226142446 0.0112348453 0.0062625512 0.0101540565 0.0029247973 0.0052966375 0.0049280051 0.0009016226 0.0009008074 -0.0068541021 0.0047498597 0.0026998997  
0.0321835133 -0.0020490129 -0.0015009765 0.0056992638 -0.0021385409 0.0011486569 -0.0445385434 -0.0312264142 -0.0592699054 -0.0868345712 -0.1828593828 -0.0928920965 -0.0519162965 -0.0843843855 -0.0239709337 -0.0433568384 -0.0404302389 -0.0073496920 -0.0068541021 0.0621187536 -0.0354731604 -0.0278033669  
-0.0242776798 0.0030650463 0.0015560484 -0.0052140147 0.0014216051 -0.0015468910 0.0697458742 0.0485584490 0.1110388685 0.1145651379 0.1025661841 0.0703268128 0.0394284513 0.0586138292 0.0168380875 0.0299818839 0.0412946249 0.0052314122 0.0047498597 -0.0354731604 0.0414716226 0.0039699055  
-0.0139532434 0.0004156555 0.0034183559 0.0043779008 0.0035990856 0.0042651839 -0.0650147721 -0.0290531319 -0.2765877423 -0.0853131265 -0.0557912082 0.0007601344 0.0101448868 0.0256141182 0.0032555810 0.0096231570 -0.0084454404 0.0014234759 0.0026998997 -0.0278033669 0.0039699055 0.1407456799  
1.0373824895 0.0417104189 -0.0149708432 0.0248452063 -0.0369725444 -0.0790431474 1.0897910775 1.2836697687 0.0524308808 0.5779604538 0.0509261198 -0.1305701760 -0.1096784716 -0.1892474522 -0.1016631652 -0.2471695872 -0.0495350169 -0.0576488513 -0.0772599956 0.2761049007 -0.9673183015 -0.1502213521  
0.0417104189 0.0192225834 0.0094448591 0.0119488624 0.0068114965 0.0134789226 -0.0601945802 0.1136413078 -0.0349013443 0.1180753367 -0.0387298232 0.0054452913 0.0035982676 -0.0049635482 0.0011684215 -0.0013580594 0.0352043627 0.0041163983 0.0041929708 0.0017808116 0.0349759693 -0.0188547490  
-0.0149708432 0.0094448591 0.0065124329 0.0070546952 0.0056610275 0.0115179084 -0.0684953108 0.0064892414 -0.0148892190 0.0386432252 -0.0261050965 0.0081488653 0.0065417234 0.0044645652 0.0047944953 0.0089533574 0.0205168614 0.0047206431 0.0055460176 -0.0104354490 0.0590325904 -0.0036412883  
0.0248452063 0.0119488624 0.0070546952 0.0118258761 0.0058268699 0.0126723299 -0.0373862391 0.0250569864 -0.0148614623 0.0290127436 -0.0402359883 0.0032311784 0.0030564453 -0.0031330968 0.0018689284 0.0014356096 0.0155077380 0.0033847757 0.0039246819 -0.0058067849 0.0429337756 -0.0063502171  
-0.0369725444 0.0068114965 0.0056610275 0.0058268699 0.0059760092 0.0124028819 -0.0963280701 -0.0367423047 -0.0237397837 0.0033103884 -0.0276294962 0.0096837512 0.0080298845 0.0081107617 0.0065817797 0.0138899085 0.0170145169 0.0054798019 0.0067859447 -0.0170575770 0.0777658232 0.0020698090  
-0.0790431474 0.0134789226 0.0115179084 0.0126723299 0.0124028819 0.0268534108 -0.2004680282 -0.0831299959 -0.0496287773 -0.0078354735 -0.0643208240 0.0192205887 0.0162823394 0.0162029502 0.0137298308 0.0293736861 0.0324267346 0.0113315156 0.0142925664 -0.0378640504 0.1706091095 0.0044889216  
1.0897910775 -0.0601945802 -0.0684953108 -0.0373862391 -0.0963280701 -0.2004680282 3.5127310525 1.9837987682 1.7353012873 1.0791758224 0.4914904776 -0.1778309960 -0.1554246457 -0.2184123816 -0.1390842911 -0.3258708234 -0.2485047930 -0.1056989079 -0.1339444356 0.3917191598 -1.5549032936 -0.3131075536  
1.2836697687 0.1136413078 0.0064892414 0.0250569864 -0.0367423047 -0.0831299959 1.9837987682 3.2071238863 0.6229031379 2.1393160292 0.0991246340 -0.1266332924 -0.1214555859 -0.2423147731 -0.1232335412 -0.3078193107 0.1414467236 -0.0632789686 -0.0880447318 0.3950080769 -1.0852016585 -0.4825483885  
0.0524308808 -0.0349013443 -0.0148892190 -0.0148614623 -0.0237397837 -0.0496287773 1.7353012873 0.6229031379 1.3886471966 0.6824410517 0.2435683973 -0.0022899406 -0.0119623237 -0.0167724516 -0.0137555778 -0.0388175466 -0.0574204865 -0.0196632759 -0.0242553306 0.0618875580 -0.2741119244 -0.1595245150  
0.5779604538 0.1180753367 0.0386432252 0.0290127436 0.0033103884 -0.0078354735 1.0791758224 2.1393160292 0.6824410517 2.0440352831 0.0662269629 0.0019962108 -0.0218688164 -0.0992528658 -0.0405772950 -0.1253920368 0.2738855084 -0.0091651571 -0.0223180150 0.2031352900 -0.4003160436 -0.3581994090  
0.0509261198 -0.0387298232 -0.0261050965 -0.0402359883 -0.0276294962 -0.0643208240 0.4914904776 0.0991246340 0.2435683973 0.0662269629 0.2404466366 -0.0189215872 -0.0201480618 -0.0029704155 -0.0185039133 -0.0381084779 -0.0609576374 -0.0201188204 -0.0261805531 0.0726595162 -0.3597253935 -0.0024495310  
-0.1305701760 0.0054452913 0.0081488653 0.0032311784 0.0096837512 0.0192205887 -0.1778309960 -0.1266332924 -0.0022899406 0.0019962108 -0.0189215872 0.0255411141 0.0199616721 0.0273834624 0.0166062655 0.0369740887 0.0310931928 0.0114796526 0.0142759342 -0.0391398794 0.1578991853 0.0101392291  
-0.1096784716 0.0035982676 0.0065417234 0.0030564453 0.0080298845 0.0162823394 -0.1554246457 -0.1214555859 -0.0119623237 -0.0218688164 -0.0201480618 0.0199616721 0.0162522546 0.0225472062 0.0137425021 0.0309599581 0.0217784228 0.0093936436 0.0118283812 -0.0340248136 0.1344963607 0.0118299238  
-0.1892474522 -0.0049635482 0.0044645652 -0.0031330968 0.0081107617 0.0162029502 -0.2184123816 -0.2423147731 -0.0167724516 -0.0992528658 -0.0029704155 0.0273834624 0.0225472062 0.0380645191 0.0200907857 0.0476996454 0.0145812708 0.0118583370 0.0154214822 -0.0507462183 0.1781647824 0.0293685430  
-0.1016631652 0.0011684215 0.0047944953 0.0018689284 0.0065817797 0.0137298308 -0.1390842911 -0.1232335412 -0.0137555778 -0.0405772950 -0.0185039133 0.0166062655 0.0137425021 0.0200907857 0.0121483012 0.0278325972 0.0145914428 0.0079381211 0.0102162415 -0.0316032548 0.1206220150 0.0129184522  
-0.2471695872 -0.0013580594 0.0089533574 0.0014356096 0.0138899085 0.0293736861 -0.3258708234 -0.3078193107 -0.0388175466 -0.1253920368 -0.0381084779 0.0369740887 0.0309599581 0.0476996454 0.0278325972 0.0655692731 0.0264600629 0.0175882304 0.0230089498 -0.0744885847 0.2777320586 0.0336652575  
-0.0495350169 0.0352043627 0.0205168614 0.0155077380 0.0170145169 0.0324267346 -0.2485047930 0.1414467236 -0.0574204865 0.2738855084 -0.0609576374 0.0310931928 0.0217784228 0.0145812708 0.0145914428 0.0264600629 0.0959535449 0.0154545452 0.0172768650 -0.0217827603 0.1687705412 -0.0322779518  
-0.0576488513 0.0041163983 0.0047206431 0.0033847757 0.0054798019 0.0113315156 -0.1056989079 -0.0632789686 -0.0196632759 -0.0091651571 -0.0201188204 0.0114796526 0.0093936436 0.0118583370 0.0079381211 0.0175882304 0.0154545452 0.0059067709 0.0073348255 -0.0202622700 0.0843820528 0.0058857667  
-0.0772599956 0.0041929708 0.0055460176 0.0039246819 0.0067859447 0.0142925664 -0.1339444356 -0.0880447318 -0.0242553306 -0.0223180150 -0.0261805531 0.0142759342 0.0118283812 0.0154214822 0.0102162415 0.0230089498 0.0172768650 0.0073348255 0.0094055880 -0.0270081333 0.1102733822 0.0083617132  
0.2761049007 0.0017808116 -0.0104354490 -0.0058067849 -0.0170575770 -0.0378640504 0.3917191598 0.3950080769 0.0618875580 0.2031352900 0.0726595162 -0.0391398794 -0.0340248136 -0.0507462183 -0.0316032548 -0.0744885847 -0.0217827603 -0.0202622700 -0.0270081333 0.0960714815 -0.3465205849 -0.0482256147  
-0.9673183015 0.0349759693 0.0590325904 0.0429337756 0.0777658232 0.1706091095 -1.5549032936 -1.0852016585 -0.2741119244 -0.4003160436 -0.3597253935 0.1578991853 0.1344963607 0.1781647824 0.1206220150 0.2777320586 0.1687705412 0.0843820528 0.1102733822 -0.3465205849 1.3923705743 0.1036378634  
-0.1502213521 -0.0188547490 -0.0036412883 -0.0063502171 0.0020698090 0.0044889216 -0.3131075536 -0.4825483885 -0.1595245150 -0.3581994090 -0.0024495310 0.0101392291 0.0118299238 0.0293685430 0.0129184522 0.0336652575 -0.0322779518 0.0058857667 0.0083617132 -0.0482256147 0.1036378634 0.1064204908  
5.0173860903 0.6684391443 0.4019868548 0.9719159857 0.3092068131 0.6632922478 -0.0591396500 0.4742785394 -0.4769035918 -0.2868852844 -0.7507945197 -0.0851000518 -0.0637413824 -0.3250120042 -0.0741149306 -0.2759944646 -0.0015191498 0.0654276753 0.0566075522 0.6566753789 -0.0770651412 0.2450905721  
0.6684391443 0.0998109485 0.0549064368 0.1231525800 0.0403575394 0.0857755027 0.0266065628 0.1644325962 -0.0276367556 0.0349745403 -0.1209746049 -0.0100730784 -0.0093697488 -0.0544981264 -0.0119678467 -0.0439366742 0.0193420452 0.0089722576 0.0073833772 0.0716201612 0.0161858883 -0.0063805244  
0.4019868548 0.0549064368 0.0369153154 0.0887574309 0.0297912731 0.0633554208 -0.0420215803 -0.0147749324 -0.0553241308 -0.0451947169 -0.0658967967 -0.0058037964 -0.0036172005 -0.0238071274 -0.0038648217 -0.0183956524 -0.0000620126 0.0081228803 0.0076655553 0.0549135852 0.0010622426 0.0399623429  
0.9719159857 0.1231525800 0.0887574309 0.2252412493 0.0745853323 0.1605694992 -0.1569476248 -0.1464138129 -0.1792230360 -0.1876914054 -0.1457578951 -0.0150417803 -0.0071851745 -0.0456742374 -0.0065290618 -0.0353415769 -0.0200351245 0.0201416958 0.0198261833 0.1459237119 -0.0098070468 0.1417864676  
0.3092068131 0.0403575394 0.0297912731 0.0745853323 0.0255726184 0.0543592270 -0.0570851027 -0.0549087240 -0.0576703275 -0.0590192143 -0.0475941297 -0.0037271143 -0.0016409661 -0.0146968398 -0.0015609503 -0.0108475870 -0.0041144153 0.0075828581 0.0074987091 0.0466930212 -0.0002554750 0.0480201159  
0.6632922478 0.0857755027 0.0633554208 0.1605694992 0.0543592270 0.1174007731 -0.1336714331 -0.1245070909 -0.1325946592 -0.1362670159 -0.1064385457 -0.0091503268 -0.0037143186 -0.0305270356 -0.0031855302 -0.0218811973 -0.0121741520 0.0157526748 0.0158349144 0.0983662411 0.0053365127 0.1072197691  
-0.0591396500 0.0266065628 -0.0420215803 -0.1569476248 -0.0570851027 -0.1336714331 0.6660601868 1.0321411552 0.4221941660 0.6279474910 0.0350192290 0.0054526489 -0.0171087916 -0.0726115401 -0.0310399839 -0.0785427366 0.1089299224 -0.0255444343 -0.0328401533 -0.0723162910 -0.0483091845 -0.4138504983  
0.4742785394 0.1644325962 -0.0147749324 -0.1464138129 -0.0549087240 -0.1245070909 1.0321411552 2.1088620756 0.6751519259 1.2288407680 -0.1995813757 -0.0048091847 -0.0377297372 -0.1922995665 -0.0630977014 -0.1675750023 0.2378130294 -0.0331045136 -0.0437939600 -0.1451106214 0.1486846531 -0.7544184863  
-0.4769035918 -0.0276367556 -0.0553241308 -0.1792230360 -0.0576703275 -0.1325946592 0.4221941660 0.6751519259 0.3375866795 0.4923631525 0.0590472865 0.0155468690 -0.0037275076 -0.0284064779 -0.0131689820 -0.0298628134 0.0947514326 -0.0176423919 -0.0216755109 -0.1191664220 0.0205097410 -0.3081631335  
-0.2868852844 0.0349745403 -0.0451947169 -0.1876914054 -0.0590192143 -0.1362670159 0.6279474910 1.2288407680 0.4923631525 0.8316303021 -0.0422556550 0.0152665294 -0.0120708508 -0.0866225737 -0.0281481518 -0.0732700462 0.1708660924 -0.0202842952 -0.0264341501 -0.1637586900 0.1152238223 -0.4929356269  
-0.7507945197 -0.1209746049 -0.0658967967 -0.1457578951 -0.0475941297 -0.1064385457 0.0350192290 -0.1995813757 0.0590472865 -0.0422556550 0.1973210847 0.0169288825 0.0120127647 0.0675988280 0.0130520461 0.0462180042 -0.0254818888 -0.0103917887 -0.0097400944 -0.0535412565 -0.0890425655 0.0069455029  
-0.0851000518 -0.0100730784 -0.0058037964 -0.0150417803 -0.0037271143 -0.0091503268 0.0054526489 -0.0048091847 0.0155468690 0.0152665294 0.0169288825 0.0039496775 0.0020849016 0.0048660494 0.0015359098 0.0038414343 0.0044865720 0.0001537624 0.0001584949 -0.0096243874 -0.0002561066 -0.0061909167  
-0.0637413824 -0.0093697488 -0.0036172005 -0.0071851745 -0.0016409661 -0.0037143186 -0.0171087916 -0.0377297372 -0.0037275076 -0.0120708508 0.0120127647 0.0020849016 0.0019252767 0.0066278842 0.0021050242 0.0058274065 -0.0018423488 0.0004635622 0.0007302582 -0.0049756371 0.0001851463 0.0094073865  
-0.3250120042 -0.0544981264 -0.0238071274 -0.0456742374 -0.0146968398 -0.0305270356 -0.0726115401 -0.1922995665 -0.0284064779 -0.0866225737 0.0675988280 0.0048660494 0.0066278842 0.0370887918 0.0092526299 0.0303996689 -0.0234761313 -0.0021720999 -0.0007452458 -0.0227475732 -0.0165311537 0.0488371556  
-0.0741149306 -0.0119678467 -0.0038648217 -0.0065290618 -0.0015609503 -0.0031855302 -0.0310399839 -0.0630977014 -0.0131689820 -0.0281481518 0.0130520461 0.0015359098 0.0021050242 0.0092526299 0.0029512445 0.0083366826 -0.0054241224 0.0005384053 0.0009847615 -0.0046662449 -0.0002941158 0.0185930440  
-0.2759944646 -0.0439366742 -0.0183956524 -0.0353415769 -0.0108475870 -0.0218811973 -0.0785427366 -0.1675750023 -0.0298628134 -0.0732700462 0.0462180042 0.0038414343 0.0058274065 0.0303996689 0.0083366826 0.0269474483 -0.0179142919 -0.0009780781 0.0004453559 -0.0235466205 0.0002353086 0.0441256530  
-0.0015191498 0.0193420452 -0.0000620126 -0.0200351245 -0.0041144153 -0.0121741520 0.1089299224 0.2378130294 0.0947514326 0.1708660924 -0.0254818888 0.0044865720 -0.0018423488 -0.0234761313 -0.0054241224 -0.0179142919 0.0427066334 -0.0003646198 -0.0017351077 -0.0276445173 0.0336364450 -0.0931717622  
0.0654276753 0.0089722576 0.0081228803 0.0201416958 0.0075828581 0.0157526748 -0.0255444343 -0.0331045136 -0.0176423919 -0.0202842952 -0.0103917887 0.0001537624 0.0004635622 -0.0021720999 0.0005384053 -0.0009780781 -0.0003646198 0.0029961941 0.0030019234 0.0115386600 0.0014411229 0.0181078878  
0.0566075522 0.0073833772 0.0076655553 0.0198261833 0.0074987091 0.0158349144 -0.0328401533 -0.0437939600 -0.0216755109 -0.0264341501 -0.0097400944 0.0001584949 0.0007302582 -0.0007452458 0.0009847615 0.0004453559 -0.0017351077 0.0030019234 0.0032409605 0.0106876991 0.0027737967 0.0219192331  
0.6566753789 0.0716201612 0.0549135852 0.1459237119 0.0466930212 0.0983662411 -0.0723162910 -0.1451106214 -0.1191664220 -0.1637586900 -0.0535412565 -0.0096243874 -0.0049756371 -0.0227475732 -0.0046662449 -0.0235466205 -0.0276445173 0.0115386600 0.0106876991 0.1230732443 -0.0647054343 0.1082006450  
-0.0770651412 0.0161858883 0.0010622426 -0.0098070468 -0.0002554750 0.0053365127 -0.0483091845 0.1486846531 0.0205097410 0.1152238223 -0.0890425655 -0.0002561066 0.0001851463 -0.0165311537 -0.0002941158 0.0002353086 0.0336364450 0.0014411229 0.0027737967 -0.0647054343 0.1420420637 -0.0530038732  
0.2450905721 -0.0063805244 0.0399623429 0.1417864676 0.0480201159 0.1072197691 -0.4138504983 -0.7544184863 -0.3081631335 -0.4929356269 0.0069455029 -0.0061909167 0.0094073865 0.0488371556 0.0185930440 0.0441256530 -0.0931717622 0.0181078878 0.0219192331 0.1082006450 -0.0530038732 0.3181480047  
2.9644547888 0.6738058041 0.2969963889 0.6233987355 0.2139686055 0.4190039471 -0.2014056967 0.0880125535 -0.1204911696 0.0572310361 -0.1102226461 0.0063679542 0.0072925511 -0.0667062936 0.0150353526 -0.0547047688 0.1316204712 0.0730568407 0.0721469625 0.4310483810 -0.1208319029 0.1516466816  
0.6738058041 0.2089842438 0.0886504081 0.1665374234 0.0634947326 0.1200222496 -0.0184867395 0.0761084602 0.0214204024 0.1168252067 -0.0161125059 0.0124754015 0.0084084916 -0.0213792892 0.0071192973 -0.0171814208 0.0766776627 0.0271840031 0.0263508141 0.1069472125 -0.0125556646 0.0158078034  
0.2969963889 0.0886504081 0.0393090096 0.0746466101 0.0292145956 0.0545931762 -0.0133650946 0.0047147297 0.0082558249 0.0408501303 -0.0019105437 0.0071950161 0.0049902066 -0.0074193450 0.0041937950 -0.0061762552 0.0328306501 0.0132383065 0.0127814055 0.0474758362 -0.0133882986 0.0186598687  
0.6233987355 0.1665374234 0.0746466101 0.1497338554 0.0561157032 0.1061672584 -0.0405353974 -0.0263533692 -0.0001631688 0.0460709807 -0.0062770886 0.0115105820 0.0084992494 -0.0126800996 0.0076767631 -0.0110605848 0.0518212912 0.0238462777 0.0231473001 0.0993968510 -0.0364671987 0.0525452554  
0.2139686055 0.0634947326 0.0292145956 0.0561157032 0.0238763166 0.0433349324 -0.0182754334 -0.0346180190 0.0075627032 0.0231011663 0.0071249131 0.0082136956 0.0058594167 -0.0030121346 0.0048290158 -0.0025303431 0.0257173978 0.0121881868 0.0117354995 0.0342324245 -0.0178561118 0.0279599662  
0.4190039471 0.1200222496 0.0545931762 0.1061672584 0.0433349324 0.0808627590 -0.0428014452 -0.0552165856 0.0039184099 0.0334776629 0.0054988897 0.0124951950 0.0092297753 -0.0065562087 0.0081434628 -0.0048128580 0.0434139630 0.0210844412 0.0205188862 0.0634118213 -0.0231547981 0.0468407227  
-0.2014056967 -0.0184867395 -0.0133650946 -0.0405353974 -0.0182754334 -0.0428014452 0.2796192903 0.3639390798 0.1392322605 0.2294360593 -0.0023267767 0.0010665221 -0.0050666681 -0.0215589136 -0.0128702467 -0.0303700194 0.0336753437 -0.0112065539 -0.0143604462 0.0323779602 -0.0706879512 -0.0902523016  
0.0880125535 0.0761084602 0.0047147297 -0.0263533692 -0.0346180190 -0.0552165856 0.3639390798 1.1283035672 0.0956983117 0.3819427802 -0.1571562043 -0.0497334969 -0.0438803150 -0.0738937064 -0.0401354016 -0.0644146545 0.0297457666 -0.0393442843 -0.0401927561 0.0303502694 0.1249151902 -0.3792263106  
-0.1204911696 0.0214204024 0.0082558249 -0.0001631688 0.0075627032 0.0039184099 0.1392322605 0.0956983117 0.1160966717 0.1711248048 0.0333478690 0.0182757798 0.0096148440 -0.0074815745 0.0016525340 -0.0130208103 0.0554626063 0.0091195266 0.0066068442 0.0247592932 -0.0574772012 -0.0102116595  
0.0572310361 0.1168252067 0.0408501303 0.0460709807 0.0231011663 0.0334776629 0.2294360593 0.3819427802 0.1711248048 0.3471939585 0.0008644818 0.0167002702 0.0058465502 -0.0329180713 -0.0035241411 -0.0344920263 0.1074058040 0.0129654634 0.0096016073 0.0635001848 -0.0274552308 -0.0953523784  
-0.1102226461 -0.0161125059 -0.0019105437 -0.0062770886 0.0071249131 0.0054988897 -0.0023267767 -0.1571562043 0.0333478690 0.0008644818 0.0542787837 0.0180963049 0.0123089865 0.0135663987 0.0082416950 0.0078832898 0.0165545976 0.0106842696 0.0097963099 -0.0051158288 -0.0602315072 0.0580688037  
0.0063679542 0.0124754015 0.0071950161 0.0115105820 0.0082136956 0.0124951950 0.0010665221 -0.0497334969 0.0182757798 0.0167002702 0.0180963049 0.0085417544 0.0058055651 0.0026240606 0.0038755421 0.0011753806 0.0151468016 0.0067880399 0.0062990513 0.0071233529 -0.0198471752 0.0223041772  
0.0072925511 0.0084084916 0.0049902066 0.0084992494 0.0058594167 0.0092297753 -0.0050666681 -0.0438803150 0.0096148440 0.0058465502 0.0123089865 0.0058055651 0.0042475087 0.0023582436 0.0030002840 0.0015949794 0.0093307800 0.0048627604 0.0045902302 0.0042941877 -0.0115100816 0.0180115154  
-0.0667062936 -0.0213792892 -0.0074193450 -0.0126800996 -0.0030121346 -0.0065562087 -0.0215589136 -0.0738937064 -0.0074815745 -0.0329180713 0.0135663987 0.0026240606 0.0023582436 0.0074094304 0.0022411144 0.0060649887 -0.0073838611 0.0003889506 0.0005749011 -0.0128244835 -0.0079401407 0.0197259538  
0.0150353526 0.0071192973 0.0041937950 0.0076767631 0.0048290158 0.0081434628 -0.0128702467 -0.0401354016 0.0016525340 -0.0035241411 0.0082416950 0.0038755421 0.0030002840 0.0022411144 0.0025819029 0.0021275660 0.0053559030 0.0038103644 0.0037422637 0.0019129904 -0.0050272236 0.0146462808  
-0.0547047688 -0.0171814208 -0.0061762552 -0.0110605848 -0.0025303431 -0.0048128580 -0.0303700194 -0.0644146545 -0.0130208103 -0.0344920263 0.0078832898 0.0011753806 0.0015949794 0.0060649887 0.0021275660 0.0065134660 -0.0076532759 0.0005085428 0.0008493136 -0.0153550208 0.0064047260 0.0140513032  
0.1316204712 0.0766776627 0.0328306501 0.0518212912 0.0257173978 0.0434139630 0.0336753437 0.0297457666 0.0554626063 0.1074058040 0.0165545976 0.0151468016 0.0093307800 -0.0073838611 0.0053559030 -0.0076532759 0.0539921826 0.0157263648 0.0144850786 0.0355339048 -0.0204667406 0.0066119772  
0.0730568407 0.0271840031 0.0132383065 0.0238462777 0.0121881868 0.0210844412 -0.0112065539 -0.0393442843 0.0091195266 0.0129654634 0.0106842696 0.0067880399 0.0048627604 0.0003889506 0.0038103644 0.0005085428 0.0157263648 0.0078858909 0.0074908452 0.0123707011 -0.0103480634 0.0200032910  
0.0721469625 0.0263508141 0.0127814055 0.0231473001 0.0117354995 0.0205188862 -0.0143604462 -0.0401927561 0.0066068442 0.0096016073 0.0097963099 0.0062990513 0.0045902302 0.0005749011 0.0037422637 0.0008493136 0.0144850786 0.0074908452 0.0072985733 0.0111311421 -0.0082888731 0.0193215187  
0.4310483810 0.1069472125 0.0474758362 0.0993968510 0.0342324245 0.0634118213 0.0323779602 0.0303502694 0.0247592932 0.0635001848 -0.0051158288 0.0071233529 0.0042941877 -0.0128244835 0.0019129904 -0.0153550208 0.0355339048 0.0123707011 0.0111311421 0.0973916684 -0.0624662647 0.0340251867  
-0.1208319029 -0.0125556646 -0.0133882986 -0.0364671987 -0.0178561118 -0.0231547981 -0.0706879512 0.1249151902 -0.0574772012 -0.0274552308 -0.0602315072 -0.0198471752 -0.0115100816 -0.0079401407 -0.0050272236 0.0064047260 -0.0204667406 -0.0103480634 -0.0082888731 -0.0624662647 0.1686097754 -0.0876302779  
0.1516466816 0.0158078034 0.0186598687 0.0525452554 0.0279599662 0.0468407227 -0.0902523016 -0.3792263106 -0.0102116595 -0.0953523784 0.0580688037 0.0223041772 0.0180115154 0.0197259538 0.0146462808 0.0140513032 0.0066119772 0.0200032910 0.0193215187 0.0340251867 -0.0876302779 0.1614057913  
0.0009037757 0.0012055480 0.0010255762 0.0012190656 0.0011549870 0.0014676310 0.0036465365 0.0027431121 0.0034864717 0.0027990389 0.0076014282 0.0019247309 0.0013659558 0.0017243163 0.0011847152 0.0013713285 0.0016826788 0.0012539637 0.0018951544 0.0000117625 0.0001249115 0.0000351739  
0.0012055480 0.0028974091 0.0023960102 0.0028714473 0.0026718875 0.0034108608 0.0085009446 0.0064108005 0.0081313145 0.0065104488 0.0178641628 0.0044730068 0.0032089790 0.0040094603 0.0027569525 0.0031722755 0.0039446737 0.0029291667 0.0044023962 0.0000251328 0.0003062599 0.0000773981  
