0.4114973867 0.1940084495 0.1678320612 0.1472359074 0.1402805985 0.1022470229 -0.1377552720 -0.0383297040 -0.2711276599 -0.2788410224 -0.3435996409 -0.0972410877 -0.0218670671 -0.1158287746 0.0088700291 -0.0964495329 0.1072884868 0.1871314721 0.0898812837 0.0253547828 0.0226341053 -0.0535885201  
0.1940084495 0.1731365510 0.1372213620 0.1039056025 0.1100579316 0.0857880321 -0.1003085085 -0.0000151932 -0.1865481166 -0.1176592638 -0.2650805566 -0.1176139721 -0.0536401830 -0.1150489264 -0.0223838056 -0.0993596511 0.2481759005 0.1268695047 0.0596855002 0.0131625513 0.0733176872 -0.0706523075  
0.1678320612 0.1372213620 0.1418294208 0.1064744160 0.1245245026 0.0867145470 -0.0877063046 -0.0409305934 -0.1659516429 -0.1700386570 -0.1915005208 -0.0498093521 0.0086136381 -0.0621545307 0.0314077693 -0.0493887222 0.2249614937 0.1800776433 0.0927331480 0.0154274769 -0.0018735990 -0.0703021062  
0.1472359074 0.1039056025 0.1064744160 0.1115807799 0.0981960468 0.1070587523 -0.0553573955 -0.0143482317 -0.1047283457 -0.1026750949 -0.1467549139 -0.0272430096 0.0015219192 -0.0486904612 0.0149582288 -0.0331657781 0.1265728701 0.1020338201 0.0585143956 0.0233475503 0.0198751022 -0.0332568964  
0.1402805985 0.1100579316 0.1245245026 0.0981960468 0.1158308787 0.0848136309 -0.0695101582 -0.0418779767 -0.1313714551 -0.1534193181 -0.1428537093 -0.0183333806 0.0277975997 -0.0353648874 0.0446626962 -0.0225298017 0.1910300089 0.1693560262 0.0921233790 0.0154558098 -0.0147621648 -0.0606859216  
0.1022470229 0.0857880321 0.0867145470 0.1070587523 0.0848136309 0.1221755866 -0.0237494997 0.0170813705 -0.0445172758 -0.0195354092 -0.1045433353 -0.0016756513 0.0067808287 -0.0255568714 0.0149074190 -0.0028539367 0.1434996738 0.0593299821 0.0457102477 0.0217808212 0.0530824978 -0.0265598512  
-0.1377552720 -0.1003085085 -0.0877063046 -0.0553573955 -0.0695101582 -0.0237494997 0.1737476774 0.1104597380 0.2610265496 0.2795020257 0.2461068894 0.1364501506 0.0596265414 0.1204318361 0.0293852053 0.1239429016 0.0444118580 -0.1197026652 -0.0418237937 -0.0138171272 -0.0306920969 0.0131467375  
-0.0383297040 -0.0000151932 -0.0409305934 -0.0143482317 -0.0418779767 0.0170813705 0.1104597380 0.1585843800 0.1682898235 0.3003154442 0.0541961617 0.0231481565 -0.0258412494 0.0225336835 -0.0350288541 0.0393069269 0.1714801216 -0.1310864211 -0.0529228194 -0.0128633458 0.1059136590 -0.0155130264  
-0.2711276599 -0.1865481166 -0.1659516429 -0.1047283457 -0.1313714551 -0.0445172758 0.2610265496 0.1682898235 0.4408586714 0.4781079136 0.4037206395 0.2304822122 0.0937009411 0.2027017655 0.0428751784 0.2142330618 0.0533481840 -0.2227480437 -0.0796178605 -0.0234772756 0.0035802369 0.0244030371  
-0.2788410224 -0.1176592638 -0.1700386570 -0.1026750949 -0.1534193181 -0.0195354092 0.2795020257 0.3003154442 0.4781079136 0.7345176306 0.2704496647 0.1381384638 -0.0060520214 0.1300586140 -0.0426651147 0.1662965400 0.3472835489 -0.3342538009 -0.1333322132 -0.0320797750 0.2087490072 -0.0167009686  
-0.3435996409 -0.2650805566 -0.1915005208 -0.1467549139 -0.1428537093 -0.1045433353 0.2461068894 0.0541961617 0.4037206395 0.2704496647 0.5694542727 0.2677036074 0.1445491320 0.2480652222 0.0807186045 0.2182768826 -0.2933818386 -0.1662341786 -0.0651086683 -0.0275389723 -0.1812926938 0.0801160338  
-0.0972410877 -0.1176139721 -0.0498093521 -0.0272430096 -0.0183333806 -0.0016756513 0.1364501506 0.0231481565 0.2304822122 0.1381384638 0.2677036074 0.2566447287 0.1817855533 0.2105578794 0.1460381105 0.2330191327 0.0881935662 0.0159431716 0.0457977031 -0.0125055330 -0.0792331383 -0.0118075707  
-0.0218670671 -0.0536401830 0.0086136381 0.0015219192 0.0277975997 0.0067808287 0.0596265414 -0.0258412494 0.0937009411 -0.0060520214 0.1445491320 0.1817855533 0.1591056184 0.1527268509 0.1406433323 0.1715402565 0.1158883592 0.1019792162 0.0795927211 -0.0096936739 -0.0893929333 -0.0278219225  
-0.1158287746 -0.1150489264 -0.0621545307 -0.0486904612 -0.0353648874 -0.0255568714 0.1204318361 0.0225336835 0.2027017655 0.1300586140 0.2480652222 0.2105578794 0.1527268509 0.1942353500 0.1234015321 0.2120328893 0.0309428204 -0.0069824779 0.0284976790 -0.0225404884 -0.0604208957 0.0064955313  
0.0088700291 -0.0223838056 0.0314077693 0.0149582288 0.0446626962 0.0149074190 0.0293852053 -0.0350288541 0.0428751784 -0.0426651147 0.0807186045 0.1460381105 0.1406433323 0.1234015321 0.1329938636 0.1465865313 0.1474463087 0.1260195156 0.0901326464 -0.0070940958 -0.0733852529 -0.0368326555  
-0.0964495329 -0.0993596511 -0.0493887222 -0.0331657781 -0.0225298017 -0.0028539367 0.1239429016 0.0393069269 0.2142330618 0.1662965400 0.2182768826 0.2330191327 0.1715402565 0.2120328893 0.1465865313 0.2541359362 0.1354736126 0.0042612497 0.0472187217 -0.0214312380 -0.0170227915 -0.0096715673  
0.1072884868 0.2481759005 0.2249614937 0.1265728701 0.1910300089 0.1434996738 0.0444118580 0.1714801216 0.0533481840 0.3472835489 -0.2933818386 0.0881935662 0.1158883592 0.0309428204 0.1474463087 0.1354736126 1.6403131222 0.2857483979 0.1989526193 -0.0060972503 0.2187839973 -0.3438103100  
0.1871314721 0.1268695047 0.1800776433 0.1020338201 0.1693560262 0.0593299821 -0.1197026652 -0.1310864211 -0.2227480437 -0.3342538009 -0.1662341786 0.0159431716 0.1019792162 -0.0069824779 0.1260195156 0.0042612497 0.2857483979 0.3422730218 0.1790405972 0.0106510233 -0.1158914219 -0.1085011334  
0.0898812837 0.0596855002 0.0927331480 0.0585143956 0.0921233790 0.0457102477 -0.0418237937 -0.0529228194 -0.0796178605 -0.1333322132 -0.0651086683 0.0457977031 0.0795927211 0.0284976790 0.0901326464 0.0472187217 0.1989526193 0.1790405972 0.1059050110 0.0049178579 -0.0466479645 -0.0617710453  
0.0253547828 0.0131625513 0.0154274769 0.0233475503 0.0154558098 0.0217808212 -0.0138171272 -0.0128633458 -0.0234772756 -0.0320797750 -0.0275389723 -0.0125055330 -0.0096936739 -0.0225404884 -0.0070940958 -0.0214312380 -0.0060972503 0.0106510233 0.0049178579 0.0195477198 -0.0095592560 0.0020675927  
0.0226341053 0.0733176872 -0.0018735990 0.0198751022 -0.0147621648 0.0530824978 -0.0306920969 0.1059136590 0.0035802369 0.2087490072 -0.1812926938 -0.0792331383 -0.0893929333 -0.0604208957 -0.0733852529 -0.0170227915 0.2187839973 -0.1158914219 -0.0466479645 -0.0095592560 0.3111955997 -0.0266144344  
-0.0535885201 -0.0706523075 -0.0703021062 -0.0332568964 -0.0606859216 -0.0265598512 0.0131467375 -0.0155130264 0.0244030371 -0.0167009686 0.0801160338 -0.0118075707 -0.0278219225 0.0064955313 -0.0368326555 -0.0096715673 -0.3438103100 -0.1085011334 -0.0617710453 0.0020675927 -0.0266144344 0.0986463877  
0.6808658501 0.1605504072 0.2074728362 0.2420318312 0.2235998510 0.1729008483 0.3956501550 0.2674727203 0.2350482256 0.0991903891 0.1627294584 0.1684470552 0.1649593790 0.0388877291 0.1627556273 0.0051560192 0.0278223424 0.3164280309 0.2312096223 0.0720441056 -0.8043811044 -0.0707685813  
0.1605504072 0.0710426658 0.0764823477 0.0675355972 0.0727102786 0.0466233681 0.0705799739 0.0613043931 0.0171814322 0.0110991745 -0.0150218796 -0.0120596456 -0.0007461198 -0.0487891346 0.0061911072 -0.0657259716 0.0873505529 0.1019100103 0.0573095319 0.0220372725 -0.1733854356 -0.0449608282  
0.2074728362 0.0764823477 0.1204676126 0.0992324233 0.1353729516 0.0837110508 0.1026837824 0.0510791919 0.0440107197 -0.0210852442 0.0420269725 0.0587873874 0.0795081229 0.0140946258 0.0891953210 0.0051963631 0.1153491301 0.2200687494 0.1449627912 0.0300082754 -0.2599825573 -0.0781907726  
0.2420318312 0.0675355972 0.0992324233 0.1120002841 0.1130193084 0.0951786320 0.1272549945 0.0812994277 0.0673713501 0.0153365561 0.0375269241 0.0558546613 0.0631408394 0.0054062099 0.0672420317 -0.0039348784 0.0293020765 0.1559683739 0.1107311083 0.0338238797 -0.2774153534 -0.0483034383  
0.2235998510 0.0727102786 0.1353729516 0.1130193084 0.1633212148 0.1032927445 0.1135994343 0.0414221555 0.0568276634 -0.0379587667 0.0689075737 0.0996693842 0.1237128123 0.0527105216 0.1339595961 0.0508377570 0.1109024563 0.2726095281 0.1875068226 0.0329854256 -0.2898116685 -0.0907642440  
0.1729008483 0.0466233681 0.0837110508 0.0951786320 0.1032927445 0.0939549246 0.0852087173 0.0454749438 0.0457536898 -0.0024715655 0.0251268039 0.0580637740 0.0670283039 0.0201797417 0.0717350055 0.0201460063 0.0216579227 0.1446816461 0.1064869374 0.0284523225 -0.1917031706 -0.0467904581  
0.3956501550 0.0705799739 0.1026837824 0.1272549945 0.1135994343 0.0852087173 0.3389935649 0.2024874556 0.2676476837 0.1412525541 0.2640990261 0.2080031544 0.1798141096 0.1221633322 0.1574152697 0.1033235431 0.1474032445 0.1686523303 0.1347830816 0.0385006929 -0.5706736356 -0.0343860105  
0.2674727203 0.0613043931 0.0510791919 0.0812994277 0.0414221555 0.0454749438 0.2024874556 0.1627054347 0.1462065283 0.1245962206 0.0937087178 0.0609326934 0.0383225808 0.0009658718 0.0250464032 -0.0210021942 0.0783434177 0.0305362306 0.0258761428 0.0260001036 -0.3300481459 -0.0046885830  
0.2350482256 0.0171814322 0.0440107197 0.0673713501 0.0568276634 0.0457536898 0.2676476837 0.1462065283 0.2580828403 0.1409410986 0.2752925807 0.2235335307 0.1859561867 0.1654584610 0.1573045523 0.1649648699 0.1648689364 0.0939145583 0.0909491258 0.0221308734 -0.3922099816 -0.0143785792  
0.0991903891 0.0110991745 -0.0210852442 0.0153365561 -0.0379587667 -0.0024715655 0.1412525541 0.1245962206 0.1409410986 0.1682664592 0.0876171379 0.0545104666 0.0157336299 0.0194495023 -0.0067276671 0.0125127048 0.1396522772 -0.0933184582 -0.0541541771 0.0081721818 -0.1280341899 0.0242617064  
0.1627294584 -0.0150218796 0.0420269725 0.0375269241 0.0689075737 0.0251268039 0.2640990261 0.0937087178 0.2752925807 0.0876171379 0.3895207509 0.2933039527 0.2605591758 0.2551961328 0.2290161034 0.2596236922 0.1689403440 0.1553928979 0.1359509187 0.0103903207 -0.4057502083 -0.0225190887  
0.1684470552 -0.0120596456 0.0587873874 0.0558546613 0.0996693842 0.0580637740 0.2080031544 0.0609326934 0.2235335307 0.0545104666 0.2933039527 0.3048810023 0.2840819934 0.2665664091 0.2634819781 0.2970087890 0.1554215901 0.2128579925 0.1861282411 0.0150138978 -0.3161804749 -0.0427268937  
0.1649593790 -0.0007461198 0.0795081229 0.0631408394 0.1237128123 0.0670283039 0.1798141096 0.0383225808 0.1859561867 0.0157336299 0.2605591758 0.2840819934 0.2793555284 0.2517436383 0.2667894224 0.2828605828 0.1536349471 0.2584317632 0.2120340144 0.0152270726 -0.3008700488 -0.0580614186  
0.0388877291 -0.0487891346 0.0140946258 0.0054062099 0.0527105216 0.0201797417 0.1221633322 0.0009658718 0.1654584610 0.0194495023 0.2551961328 0.2665664091 0.2517436383 0.2669960791 0.2351827958 0.3069384818 0.0836027056 0.1493660877 0.1433940456 -0.0038946968 -0.1521463777 -0.0125346801  
0.1627556273 0.0061911072 0.0891953210 0.0672420317 0.1339595961 0.0717350055 0.1574152697 0.0250464032 0.1573045523 -0.0067276671 0.2290161034 0.2634819781 0.2667894224 0.2351827958 0.2612971364 0.2674151173 0.1396822976 0.2759560434 0.2211005228 0.0160317459 -0.2806563248 -0.0634730739  
0.0051560192 -0.0657259716 0.0051963631 -0.0039348784 0.0508377570 0.0201460063 0.1033235431 -0.0210021942 0.1649648699 0.0125127048 0.2596236922 0.2970087890 0.2828605828 0.3069384818 0.2674151173 0.3659074967 0.0858408592 0.1581595116 0.1587914765 -0.0071575090 -0.0974659219 -0.0092009181  
0.0278223424 0.0873505529 0.1153491301 0.0293020765 0.1109024563 0.0216579227 0.1474032445 0.0783434177 0.1648689364 0.1396522772 0.1689403440 0.1554215901 0.1536349471 0.0836027056 0.1396822976 0.0858408592 0.8949366691 0.2320829273 0.1308384707 0.0248277682 -0.1485704964 -0.1732306005  
0.3164280309 0.1019100103 0.2200687494 0.1559683739 0.2726095281 0.1446816461 0.1686523303 0.0305362306 0.0939145583 -0.0933184582 0.1553928979 0.2128579925 0.2584317632 0.1493660877 0.2759560434 0.1581595116 0.2320829273 0.5007008661 0.3461052360 0.0435441332 -0.4474912606 -0.1613798081  
0.2312096223 0.0573095319 0.1449627912 0.1107311083 0.1875068226 0.1064869374 0.1347830816 0.0258761428 0.0909491258 -0.0541541771 0.1359509187 0.1861282411 0.2120340144 0.1433940456 0.2211005228 0.1587914765 0.1308384707 0.3461052360 0.2512451307 0.0297309674 -0.3228378888 -0.1006011600  
0.0720441056 0.0220372725 0.0300082754 0.0338238797 0.0329854256 0.0284523225 0.0385006929 0.0260001036 0.0221308734 0.0081721818 0.0103903207 0.0150138978 0.0152270726 -0.0038946968 0.0160317459 -0.0071575090 0.0248277682 0.0435441332 0.0297309674 0.0142818908 -0.0823079693 -0.0189856752  
-0.8043811044 -0.1733854356 -0.2599825573 -0.2774153534 -0.2898116685 -0.1917031706 -0.5706736356 -0.3300481459 -0.3922099816 -0.1280341899 -0.4057502083 -0.3161804749 -0.3008700488 -0.1521463777 -0.2806563248 -0.0974659219 -0.1485704964 -0.4474912606 -0.3228378888 -0.0823079693 1.1424810599 0.1108841260  
-0.0707685813 -0.0449608282 -0.0781907726 -0.0483034383 -0.0907642440 -0.0467904581 -0.0343860105 -0.0046885830 -0.0143785792 0.0242617064 -0.0225190887 -0.0427268937 -0.0580614186 -0.0125346801 -0.0634730739 -0.0092009181 -0.1732306005 -0.1613798081 -0.1006011600 -0.0189856752 0.1108841260 0.0850349753  
0.8832726929 0.1882160208 0.0944194711 0.2238530114 0.0764805914 0.1559689260 -0.0145843290 0.1324055693 -0.1635211492 -0.1641997931 -0.3443732060 -0.0683976106 -0.0707513922 -0.1671395263 -0.1019655089 -0.2375845754 -0.3928560833 0.0077286802 -0.0265957571 0.0587081475 -0.0698538195 0.0790210331  
0.1882160208 0.0838467369 0.0533132208 0.0551028453 0.0325082532 0.0266474622 0.0280731989 0.0532510823 -0.0072886256 -0.0076159923 -0.0084985782 0.0077496245 0.0167722784 0.0016974263 0.0074055304 -0.0165909268 -0.0111345406 0.0353522711 0.0094186604 0.0215439397 -0.0493449262 -0.0036175401  
0.0944194711 0.0533132208 0.0383876681 0.0291343075 0.0227225790 0.0098476580 0.0017411269 0.0129011959 -0.0196478129 -0.0273179558 0.0023071585 0.0083369413 0.0181033049 0.0073793792 0.0118975250 -0.0042444102 0.0185103875 0.0337538608 0.0105116849 0.0125563116 -0.0326635019 -0.0057406543  
0.2238530114 0.0551028453 0.0291343075 0.0664615872 0.0236742945 0.0480853140 0.0013224220 0.0434607252 -0.0293433488 -0.0232304230 -0.0815289205 -0.0148116966 -0.0151735750 -0.0361774567 -0.0228143457 -0.0533160333 -0.1250476233 0.0029663599 -0.0049790350 0.0173352051 -0.0080490328 0.0170604019  
0.0764805914 0.0325082532 0.0227225790 0.0236742945 0.0157730227 0.0117707364 -0.0138821605 -0.0010922147 -0.0289882278 -0.0356490758 -0.0202241501 0.0000398274 0.0060930769 -0.0049044643 0.0016633975 -0.0137593525 -0.0124739572 0.0197065488 0.0049683131 0.0078337242 -0.0126127687 0.0011953967  
0.1559689260 0.0266474622 0.0098476580 0.0480853140 0.0117707364 0.0428681796 0.0052605976 0.0397290331 -0.0093223587 0.0038315387 -0.0711028190 -0.0162865930 -0.0214008780 -0.0333325995 -0.0250607865 -0.0425004087 -0.1285789160 -0.0139609014 -0.0089552948 0.0105003296 0.0123823310 0.0164405397  
-0.0145843290 0.0280731989 0.0017411269 0.0013224220 -0.0138821605 0.0052605976 0.3409262822 0.3105334253 0.3677992706 0.4634250437 0.2363151230 0.0525783603 0.0231809733 0.0902617608 0.0303583629 0.1089654428 0.0571333983 -0.0538368588 -0.0056176597 0.0178169712 -0.0748809114 -0.0534619894  
0.1324055693 0.0532510823 0.0129011959 0.0434607252 -0.0010922147 0.0397290331 0.3105334253 0.3224214692 0.3214420423 0.4203244905 0.1512173815 0.0334262258 0.0034649170 0.0522667793 0.0064420776 0.0600878615 -0.0447382809 -0.0578069012 -0.0121966311 0.0258195873 -0.0619365395 -0.0351385662  
-0.1635211492 -0.0072886256 -0.0196478129 -0.0293433488 -0.0289882278 -0.0093223587 0.3677992706 0.3214420423 0.4414315793 0.5502818644 0.3022394259 0.0655358527 0.0297185131 0.1208984882 0.0435726199 0.1546600661 0.0828891944 -0.0706001010 -0.0050975769 0.0091559673 -0.0488298860 -0.0707503149  
-0.1641997931 -0.0076159923 -0.0273179558 -0.0232304230 -0.0356490758 0.0038315387 0.4634250437 0.4203244905 0.5502818644 0.7079031429 0.3487009435 0.0735056084 0.0252545002 0.1373102656 0.0429866857 0.1793124287 0.0606559671 -0.1001717944 -0.0113945420 0.0132051274 -0.0437676017 -0.0835627414  
-0.3443732060 -0.0084985782 0.0023071585 -0.0815289205 -0.0202241501 -0.0711028190 0.2363151230 0.1512173815 0.3022394259 0.3487009435 0.3525293615 0.0840086236 0.0790252424 0.1598612395 0.0912651429 0.1924938159 0.2791455804 0.0066741835 0.0242044261 -0.0022328676 -0.0706943262 -0.0824746658  
-0.0683976106 0.0077496245 0.0083369413 -0.0148116966 0.0000398274 -0.0162865930 0.0525783603 0.0334262258 0.0655358527 0.0735056084 0.0840086236 0.0246570057 0.0240394265 0.0397219673 0.0248855396 0.0444125454 0.0799000144 0.0106259751 0.0084353498 0.0015922674 -0.0226274418 -0.0234916466  
-0.0707513922 0.0167722784 0.0181033049 -0.0151735750 0.0060930769 -0.0214008780 0.0231809733 0.0034649170 0.0297185131 0.0252545002 0.0790252424 0.0240394265 0.0322715822 0.0420536481 0.0315513515 0.0441545108 0.0991168467 0.0282936816 0.0143069884 0.0016855384 -0.0269672581 -0.0226588325  
-0.1671395263 0.0016974263 0.0073793792 -0.0361774567 -0.0049044643 -0.0333325995 0.0902617608 0.0522667793 0.1208984882 0.1373102656 0.1598612395 0.0397219673 0.0420536481 0.0782431203 0.0473212716 0.0921259792 0.1299153934 0.0132894240 0.0152638400 -0.0012143819 -0.0282161460 -0.0382605833  
-0.1019655089 0.0074055304 0.0118975250 -0.0228143457 0.0016633975 -0.0250607865 0.0303583629 0.0064420776 0.0435726199 0.0429866857 0.0912651429 0.0248855396 0.0315513515 0.0473212716 0.0335982176 0.0532764113 0.1018292270 0.0227158390 0.0137333936 -0.0005951567 -0.0216086716 -0.0240082709  
-0.2375845754 -0.0165909268 -0.0042444102 -0.0533160333 -0.0137593525 -0.0425004087 0.1089654428 0.0600878615 0.1546600661 0.1793124287 0.1924938159 0.0444125454 0.0441545108 0.0921259792 0.0532764113 0.1149761835 0.1469681632 0.0036428546 0.0149348812 -0.0057058965 -0.0192226381 -0.0442590612  
-0.3928560833 -0.0111345406 0.0185103875 -0.1250476233 -0.0124739572 -0.1285789160 0.0571333983 -0.0447382809 0.0828891944 0.0606559671 0.2791455804 0.0799000144 0.0991168467 0.1299153934 0.1018292270 0.1469681632 0.5890534140 0.0823927779 0.0416550193 -0.0132568435 -0.0937057097 -0.0915316497  
0.0077286802 0.0353522711 0.0337538608 0.0029663599 0.0197065488 -0.0139609014 -0.0538368588 -0.0578069012 -0.0706001010 -0.1001717944 0.0066741835 0.0106259751 0.0282936816 0.0132894240 0.0227158390 0.0036428546 0.0823927779 0.0535056853 0.0177216471 0.0042629251 -0.0265362081 -0.0095589124  
-0.0265957571 0.0094186604 0.0105116849 -0.0049790350 0.0049683131 -0.0089552948 -0.0056176597 -0.0121966311 -0.0050975769 -0.0113945420 0.0242044261 0.0084353498 0.0143069884 0.0152638400 0.0137333936 0.0149348812 0.0416550193 0.0177216471 0.0078856979 0.0006835340 -0.0091263954 -0.0083131390  
0.0587081475 0.0215439397 0.0125563116 0.0173352051 0.0078337242 0.0105003296 0.0178169712 0.0258195873 0.0091559673 0.0132051274 -0.0022328676 0.0015922674 0.0016855384 -0.0012143819 -0.0005951567 -0.0057058965 -0.0132568435 0.0042629251 0.0006835340 0.0074426916 -0.0139315282 -0.0009838922  
-0.0698538195 -0.0493449262 -0.0326635019 -0.0080490328 -0.0126127687 0.0123823310 -0.0748809114 -0.0619365395 -0.0488298860 -0.0437676017 -0.0706943262 -0.0226274418 -0.0269672581 -0.0282161460 -0.0216086716 -0.0192226381 -0.0937057097 -0.0265362081 -0.0091263954 -0.0139315282 0.0917449772 0.0162720877  
0.0790210331 -0.0036175401 -0.0057406543 0.0170604019 0.0011953967 0.0164405397 -0.0534619894 -0.0351385662 -0.0707503149 -0.0835627414 -0.0824746658 -0.0234916466 -0.0226588325 -0.0382605833 -0.0240082709 -0.0442590612 -0.0915316497 -0.0095589124 -0.0083131390 -0.0009838922 0.0162720877 0.0304175325  
6.9829869772 3.7925415880 2.5234326203 3.3892305908 1.5224955479 2.2138300326 0.4989726298 1.6881930837 -0.3578212422 0.3129606587 -1.5772346711 -0.7694978796 -0.6342516762 -1.0381748304 -0.5106557564 -0.9594270628 -0.2469772288 0.2664647707 0.0859644927 1.1223740289 -0.1837882890 0.1517555910  
3.7925415880 2.4173771298 1.5441671159 1.9394175224 0.8964927499 1.2570468614 0.1103034780 0.9155789828 -0.3616281006 0.0610241027 -0.9573945065 -0.5087542754 -0.4023631819 -0.5838606880 -0.3250242746 -0.5472237167 -0.3938152661 0.1309957457 0.0247440398 0.5517166412 0.1258236292 -0.0141848855  
2.5234326203 1.5441671159 1.0773588232 1.3729533674 0.6711148474 0.9136049443 0.0545539969 0.5291791986 -0.2249293519 0.0214304007 -0.6271236111 -0.2846655391 -0.2165775816 -0.3753184213 -0.1696462603 -0.3404512661 -0.0498768280 0.1885943224 0.0766877773 0.4304524711 0.0684766732 -0.0032744079  
3.3892305908 1.9394175224 1.3729533674 1.8825861690 0.8604494594 1.2705990116 0.1297853134 0.7382783866 -0.2312024939 0.1424439102 -0.8689058523 -0.3889596102 -0.3162705611 -0.5516368069 -0.2651554078 -0.5066970359 0.0629715460 0.1831329801 0.0617581308 0.6431812287 0.0473418457 0.0623713110  
1.5224955479 0.8964927499 0.6711148474 0.8604494594 0.4509049513 0.5949826946 0.0203759669 0.2814309862 -0.1341026588 -0.0072840839 -0.3800769564 -0.1439774779 -0.1026356950 -0.2198806164 -0.0712887390 -0.1864059882 0.0485207727 0.1786253242 0.0913278802 0.2821076911 0.0508901146 -0.0022643174  
2.2138300326 1.2570468614 0.9136049443 1.2705990116 0.5949826946 0.8910850718 0.0786762474 0.4871512195 -0.1458352706 0.1277474998 -0.6129981733 -0.2517776080 -0.2072937237 -0.3845752575 -0.1714290343 -0.3423749622 0.1614714901 0.1455838549 0.0624706997 0.4397067216 0.0806287837 0.0271070545  
0.4989726298 0.1103034780 0.0545539969 0.1297853134 0.0203759669 0.0786762474 0.4581884450 0.4405736879 0.3840066221 0.5119622298 0.1827320491 0.1186934115 0.0512561493 0.0296901715 0.0159431692 0.0016774704 0.6686933935 -0.0276631563 -0.0116342585 0.0463216843 -0.3717628425 -0.0548164319  
1.6881930837 0.9155789828 0.5291791986 0.7382783866 0.2814309862 0.4871512195 0.4405736879 0.7706066404 0.2128804151 0.5642656001 -0.2501700160 -0.1115144392 -0.1373527370 -0.2191954749 -0.1398597135 -0.2259976451 0.5511499558 -0.0409274763 -0.0361998622 0.1999409719 -0.1904564894 -0.0817802994  
-0.3578212422 -0.3616281006 -0.2249293519 -0.2312024939 -0.1341026588 -0.1458352706 0.3840066221 0.2128804151 0.4599073464 0.5163111292 0.3810105262 0.2514935878 0.1579975860 0.1706323040 0.0985279402 0.1369515991 0.8979532566 -0.0241512312 -0.0016788279 -0.0640138719 -0.3097476270 -0.0875941503  
0.3129606587 0.0610241027 0.0214304007 0.1424439102 -0.0072840839 0.1277474998 0.5119622298 0.5642656001 0.5163111292 0.9067609827 0.0604390906 0.1446624710 0.0377340996 -0.0328875848 -0.0264038112 -0.0564541536 1.6221038023 -0.0702138038 -0.0467379507 0.0599885548 -0.1878119890 -0.1964004990  
-1.5772346711 -0.9573945065 -0.6271236111 -0.8689058523 -0.3800769564 -0.6129981733 0.1827320491 -0.2501700160 0.3810105262 0.0604390906 0.8748925574 0.3987194383 0.3194539823 0.4955715676 0.2547445768 0.4313064469 -0.0530617622 -0.0276825718 0.0145639667 -0.3431014650 -0.3740273000 -0.0060991385  
-0.7694978796 -0.5087542754 -0.2846655391 -0.3889596102 -0.1439774779 -0.2517776080 0.1186934115 -0.1115144392 0.2514935878 0.1446624710 0.3987194383 0.2566501616 0.2022284298 0.2423022953 0.1625905334 0.2266240757 0.4561407178 0.0646125256 0.0558296532 -0.1292973281 -0.1487083671 -0.0630550978  
-0.6342516762 -0.4023631819 -0.2165775816 -0.3162705611 -0.1026356950 -0.2072937237 0.0512561493 -0.1373527370 0.1579975860 0.0377340996 0.3194539823 0.2022284298 0.1727396504 0.2086671780 0.1468316762 0.2020143896 0.2565434595 0.0792713240 0.0624110817 -0.1071511968 -0.1019395869 -0.0439599184  
-1.0381748304 -0.5838606880 -0.3753184213 -0.5516368069 -0.2198806164 -0.3845752575 0.0296901715 -0.2191954749 0.1706323040 -0.0328875848 0.4955715676 0.2423022953 0.2086671780 0.3223904110 0.1770475560 0.2968569532 -0.0721988805 0.0191381822 0.0342449349 -0.2282002606 -0.1241057269 -0.0183087138  
-0.5106557564 -0.3250242746 -0.1696462603 -0.2651554078 -0.0712887390 -0.1714290343 0.0159431692 -0.1398597135 0.0985279402 -0.0264038112 0.2547445768 0.1625905334 0.1468316762 0.1770475560 0.1358586845 0.1814786080 0.1216359919 0.0906863620 0.0718034302 -0.0908994161 -0.0693362688 -0.0296275481  
-0.9594270628 -0.5472237167 -0.3404512661 -0.5066970359 -0.1864059882 -0.3423749622 0.0016774704 -0.2259976451 0.1369515991 -0.0564541536 0.4313064469 0.2266240757 0.2020143896 0.2968569532 0.1814786080 0.2920424463 -0.0551564996 0.0504904681 0.0582576017 -0.2045065658 -0.0740176736 -0.0224590082  
-0.2469772288 -0.3938152661 -0.0498768280 0.0629715460 0.0485207727 0.1614714901 0.6686933935 0.5511499558 0.8979532566 1.6221038023 -0.0530617622 0.4561407178 0.2565434595 -0.0721988805 0.1216359919 -0.0551564996 4.8266560205 0.2579532053 0.1147558376 0.2113514327 -0.0710217291 -0.6333573868  
0.2664647707 0.1309957457 0.1885943224 0.1831329801 0.1786253242 0.1455838549 -0.0276631563 -0.0409274763 -0.0241512312 -0.0702138038 -0.0276825718 0.0646125256 0.0792713240 0.0191381822 0.0906863620 0.0504904681 0.2579532053 0.2173375251 0.1336228331 0.0764281222 0.0132801365 -0.0523693203  
0.0859644927 0.0247440398 0.0766877773 0.0617581308 0.0913278802 0.0624706997 -0.0116342585 -0.0361998622 -0.0016788279 -0.0467379507 0.0145639667 0.0558296532 0.0624110817 0.0342449349 0.0718034302 0.0582576017 0.1147558376 0.1336228331 0.0914847883 0.0261474267 0.0063234502 -0.0261979458  
1.1223740289 0.5517166412 0.4304524711 0.6431812287 0.2821076911 0.4397067216 0.0463216843 0.1999409719 -0.0640138719 0.0599885548 -0.3431014650 -0.1292973281 -0.1071511968 -0.2282002606 -0.0908994161 -0.2045065658 0.2113514327 0.0764281222 0.0261474267 0.3160119834 -0.0216096125 0.0441932610  
-0.1837882890 0.1258236292 0.0684766732 0.0473418457 0.0508901146 0.0806287837 -0.3717628425 -0.1904564894 -0.3097476270 -0.1878119890 -0.3740273000 -0.1487083671 -0.1019395869 -0.1241057269 -0.0693362688 -0.0740176736 -0.0710217291 0.0132801365 0.0063234502 -0.0216096125 0.5927773376 -0.0664845815  
0.1517555910 -0.0141848855 -0.0032744079 0.0623713110 -0.0022643174 0.0271070545 -0.0548164319 -0.0817802994 -0.0875941503 -0.1964004990 -0.0060991385 -0.0630550978 -0.0439599184 -0.0183087138 -0.0296275481 -0.0224590082 -0.6333573868 -0.0523693203 -0.0261979458 0.0441932610 -0.0664845815 0.1761759832  
1.8335012316 0.6035822505 0.5648083858 1.0545143032 0.5570539912 0.9317078135 0.2629712454 0.4290019174 -0.1120930151 0.1104576179 -0.3852192092 -0.5378345008 -0.3002721916 -0.0660918495 0.0658676378 0.2114370042 0.0312708521 0.2931868399 0.3719717275 0.0022239363 0.1094315730 0.6170421372  
0.6035822505 0.2000181369 0.1863856907 0.3474175006 0.1837514685 0.3069452951 0.0872183552 0.1417984146 -0.0358901455 0.0371739643 -0.1245522040 -0.1752341231 -0.0976597567 -0.0204691523 0.0223938508 0.0705280236 0.0109809232 0.0969306066 0.1228914132 0.0006133951 0.0362801959 0.2030791398  
0.5648083858 0.1863856907 0.1750444204 0.3251077499 0.1718262247 0.2871781842 0.0813771812 0.1325854768 -0.0338379219 0.0345410612 -0.1172390263 -0.1645289824 -0.0917382230 -0.0194882988 0.0207797976 0.0658159116 0.0101300944 0.0906885223 0.1148652240 0.0006361551 0.0338892688 0.1900279910  
1.0545143032 0.3474175006 0.3251077499 0.6077482460 0.3206960506 0.5362671598 0.1512267609 0.2468401693 -0.0645787037 0.0635876807 -0.2217448761 -0.3094840785 -0.1727206544 -0.0380659710 0.0378428923 0.1216727550 0.0180684268 0.1687078360 0.2141755414 0.0012453035 0.0630304931 0.3550612164  
0.5570539912 0.1837514685 0.1718262247 0.3206960506 0.1703024214 0.2833254914 0.0802381532 0.1306663605 -0.0336382651 0.0338831005 -0.1160661597 -0.1626492027 -0.0907127709 -0.0194194405 0.0203551510 0.0647105270 0.0097996326 0.0893000594 0.1132708522 0.0006134517 0.0333281554 0.1874403599  
0.9317078135 0.3069452951 0.2871781842 0.5362671598 0.2833254914 0.4747320964 0.1336987811 0.2180482048 -0.0571501283 0.0561774223 -0.1959667721 -0.2734649785 -0.1526301693 -0.0337669308 0.0334109437 0.1075178108 0.0158036277 0.1490191945 0.1891326568 0.0011452379 0.0556932277 0.3137980786  
0.2629712454 0.0872183552 0.0813771812 0.1512267609 0.0802381532 0.1336987811 0.0398258057 0.0625728068 -0.0142342832 0.0170403993 -0.0509589479 -0.0737871519 -0.0410423859 -0.0072525289 0.0107728507 0.0318305793 0.0057051038 0.0426441053 0.0538100922 0.0001001207 0.0159487827 0.0882881199  
0.4290019174 0.1417984146 0.1325854768 0.2468401693 0.1306663605 0.2180482048 0.0625728068 0.1023867943 -0.0245115208 0.0270369614 -0.0860130789 -0.1227954166 -0.0683137182 -0.0132289459 0.0166575784 0.0508309791 0.0083997632 0.0692152679 0.0875872872 0.0002287004 0.0258352817 0.1441851305  
-0.1120930151 -0.0358901455 -0.0338379219 -0.0645787037 -0.0336382651 -0.0571501283 -0.0142342832 -0.0245115208 0.0114278468 -0.0042734625 0.0315594666 0.0392148020 0.0223892129 0.0083177082 -0.0015956554 -0.0102548553 0.0002990653 -0.0168777116 -0.0218873976 -0.0005753648 -0.0062562140 -0.0384096642  
0.1104576179 0.0371739643 0.0345410612 0.0635876807 0.0338831005 0.0561774223 0.0170403993 0.0270369614 -0.0042734625 0.0094192319 -0.0178660026 -0.0279741354 -0.0153631267 -0.0010688901 0.0056716474 0.0145828709 0.0033288580 0.0184463790 0.0230455781 -0.0001099667 0.0069794108 0.0367653225  
-0.3852192092 -0.1245522040 -0.1172390263 -0.2217448761 -0.1160661597 -0.1959667721 -0.0509589479 -0.0860130789 0.0315594666 -0.0178660026 0.1012021786 0.1275764725 0.0722918717 0.0239035216 -0.0085227556 -0.0382994411 -0.0014862277 -0.0592048559 -0.0762272959 -0.0014126211 -0.0220462530 -0.1307204222  
-0.5378345008 -0.1752341231 -0.1645289824 -0.3094840785 -0.1626492027 -0.2734649785 -0.0737871519 -0.1227954166 0.0392148020 -0.0279741354 0.1275764725 0.1702584593 0.0953545073 0.0270037313 -0.0150422923 -0.0571968401 -0.0051394263 -0.0840390930 -0.1075733186 -0.0013658590 -0.0312932601 -0.1821129355  
-0.3002721916 -0.0976597567 -0.0917382230 -0.1727206544 -0.0907127709 -0.1526301693 -0.0410423859 -0.0683137182 0.0223892129 -0.0153631267 0.0722918717 0.0953545073 0.0547157796 0.0158187713 -0.0080160920 -0.0315021000 -0.0026012270 -0.0468021561 -0.0600205279 -0.0008919547 -0.0174416364 -0.1017646966  
-0.0660918495 -0.0204691523 -0.0194882988 -0.0380659710 -0.0194194405 -0.0337669308 -0.0072525289 -0.0132289459 0.0083177082 -0.0010688901 0.0239035216 0.0270037313 0.0158187713 0.0089142375 0.0006445820 -0.0040610456 0.0015015100 -0.0092105057 -0.0122999630 -0.0007064598 -0.0034387317 -0.0231477567  
0.0658676378 0.0223938508 0.0207797976 0.0378428923 0.0203551510 0.0334109437 0.0107728507 0.0166575784 -0.0015956554 0.0056716474 -0.0085227556 -0.0150422923 -0.0080160920 0.0006445820 0.0049632165 0.0095354561 0.0026703218 0.0113793672 0.0140152459 -0.0002771134 0.0042509835 0.0215911259  
0.2114370042 0.0705280236 0.0658159116 0.1216727550 0.0647105270 0.1075178108 0.0318305793 0.0508309791 -0.0102548553 0.0145828709 -0.0382994411 -0.0571968401 -0.0315021000 -0.0040610456 0.0095354561 0.0275689562 0.0052831088 0.0347572279 0.0436621903 -0.0000467673 0.0129655815 0.0706917783  
0.0312708521 0.0109809232 0.0101300944 0.0180684268 0.0097996326 0.0158036277 0.0057051038 0.0083997632 0.0002990653 0.0033288580 -0.0014862277 -0.0051394263 -0.0026012270 0.0015015100 0.0026703218 0.0052831088 0.0029035202 0.0057223620 0.0068464448 -0.0002733223 0.0022160200 0.0101432810  
0.2931868399 0.0969306066 0.0906885223 0.1687078360 0.0893000594 0.1490191945 0.0426441053 0.0692152679 -0.0168777116 0.0184463790 -0.0592048559 -0.0840390930 -0.0468021561 -0.0092105057 0.0113793672 0.0347572279 0.0057223620 0.0480927404 0.0598010612 0.0002158644 0.0176258916 0.0984904702  
0.3719717275 0.1228914132 0.1148652240 0.2141755414 0.1132708522 0.1891326568 0.0538100922 0.0875872872 -0.0218873976 0.0230455781 -0.0762272959 -0.1075733186 -0.0600205279 -0.0122999630 0.0140152459 0.0436621903 0.0068464448 0.0598010612 0.0766215278 0.0003103543 0.0223320754 0.1250911508  
0.0022239363 0.0006133951 0.0006361551 0.0012453035 0.0006134517 0.0011452379 0.0001001207 0.0002287004 -0.0005753648 -0.0001099667 -0.0014126211 -0.0013658590 -0.0008919547 -0.0007064598 -0.0002771134 -0.0000467673 -0.0002733223 0.0002158644 0.0003103543 0.0008914238 0.0000348553 0.0008538480  
0.1094315730 0.0362801959 0.0338892688 0.0630304931 0.0333281554 0.0556932277 0.0159487827 0.0258352817 -0.0062562140 0.0069794108 -0.0220462530 -0.0312932601 -0.0174416364 -0.0034387317 0.0042509835 0.0129655815 0.0022160200 0.0176258916 0.0223320754 0.0000348553 0.0075182899 0.0368015625  
0.6170421372 0.2030791398 0.1900279910 0.3550612164 0.1874403599 0.3137980786 0.0882881199 0.1441851305 -0.0384096642 0.0367653225 -0.1307204222 -0.1821129355 -0.1017646966 -0.0231477567 0.0215911259 0.0706917783 0.0101432810 0.0984904702 0.1250911508 0.0008538480 0.0368015625 0.2089807354  
1.0535247562 0.1665733733 -0.3278576511 0.2062402703 -0.2345319107 0.0583587100 -0.0287657466 0.0015877094 -0.0804297509 -0.2241460175 0.1019848627 -0.0488462892 -0.0275250461 0.1045822260 -0.0099890829 0.1070481344 -0.5964001847 -0.2111654144 -0.1019970707 0.0463383125 -0.0796382481 0.0382280668  
0.1665733733 2.1540799325 1.4499060764 1.0956245610 0.5749270857 0.4893028928 -0.1540466931 -0.3323150597 -0.1191039789 -0.2341517488 -0.0025470274 -0.0353191491 -0.0208042953 -0.0319551955 -0.0474625348 -0.0825576683 -0.2474575505 0.0221726230 -0.0246416817 0.1273727451 0.0007183950 0.0386530920  
-0.3278576511 1.4499060764 1.3808867224 0.9141675734 0.6756383305 0.5049113280 -0.0787273528 -0.1924455585 -0.0291048278 0.0172203589 -0.1218111857 0.0026891660 0.0035719512 -0.1175074870 -0.0172127362 -0.1371375319 0.2883167642 0.1935977180 0.0866244872 0.2188671580 0.0725296268 0.0762007450  
0.2062402703 1.0956245610 0.9141675734 0.8531771644 0.4363985022 0.4579691409 -0.0690171848 -0.1362960401 -0.0545034582 -0.0597858812 -0.0750831008 -0.0220137524 -0.0103023106 -0.0588602195 -0.0175056397 -0.0675730784 0.0274235314 0.0711667822 0.0292858771 0.2436735058 0.0295311537 0.1134873758  
-0.2345319107 0.5749270857 0.6756383305 0.4363985022 0.3698843985 0.2754109619 -0.0202996048 -0.0595082274 0.0070812642 0.0656161422 -0.0870097598 0.0117473905 0.0081753827 -0.0775748882 0.0004854884 -0.0790391499 0.2587574676 0.1386429890 0.0751594551 0.1391789983 0.0560604961 0.0546412810  
0.0583587100 0.4893028928 0.5049113280 0.4579691409 0.2754109619 0.2843873474 -0.0201939830 -0.0395240100 -0.0098978601 0.0177387710 -0.0638920544 -0.0016344256 0.0004976704 -0.0496570990 -0.0009670223 -0.0468928071 0.1123444617 0.0783075116 0.0479819121 0.1619774200 0.0362398965 0.0745925887  
-0.0287657466 -0.1540466931 -0.0787273528 -0.0690171848 -0.0202996048 -0.0201939830 0.0227504538 0.0369638795 0.0172747559 0.0374361081 -0.0073025022 0.0076195605 0.0046207351 -0.0043682195 0.0076623175 0.0023576614 0.0565703965 0.0151556850 0.0153843737 -0.0009941020 0.0074933013 0.0003183227  
0.0015877094 -0.3323150597 -0.1924455585 -0.1362960401 -0.0595082274 -0.0395240100 0.0369638795 0.0828753617 0.0295457165 0.0628782015 -0.0115093644 0.0106635020 0.0065761543 -0.0034810372 0.0135830882 0.0103932153 0.0788888634 0.0158689292 0.0225527025 0.0034360355 0.0095294154 0.0002687921  
-0.0804297509 -0.1191039789 -0.0291048278 -0.0545034582 0.0070812642 -0.0098978601 0.0172747559 0.0295457165 0.0240998020 0.0471912584 -0.0134700838 0.0108134433 0.0066159708 -0.0111181873 0.0086637612 -0.0050280476 0.0895084254 0.0310054541 0.0238585551 0.0003188286 0.0135591935 0.0041010042  
-0.2241460175 -0.2341517488 0.0172203589 -0.0597858812 0.0656161422 0.0177387710 0.0374361081 0.0628782015 0.0471912584 0.1287196399 -0.0532367804 0.0231621827 0.0150043387 -0.0406256678 0.0189293134 -0.0246488160 0.2646364444 0.0911403111 0.0622199367 0.0347712369 0.0397498662 0.0210973361  
0.1019848627 -0.0025470274 -0.1218111857 -0.0750831008 -0.0870097598 -0.0638920544 -0.0073025022 -0.0115093644 -0.0134700838 -0.0532367804 0.0440706642 -0.0055689803 -0.0043224125 0.0300546182 -0.0042585128 0.0239613519 -0.1398028529 -0.0520326779 -0.0295249929 -0.0548260768 -0.0216511105 -0.0226227476  
-0.0488462892 -0.0353191491 0.0026891660 -0.0220137524 0.0117473905 -0.0016344256 0.0076195605 0.0106635020 0.0108134433 0.0231621827 -0.0055689803 0.0075933145 0.0040593188 -0.0060691815 0.0048232993 -0.0036489133 0.0460285662 0.0191341872 0.0148588631 -0.0027787281 0.0089312694 0.0020740721  
-0.0275250461 -0.0208042953 0.0035719512 -0.0103023106 0.0081753827 0.0004976704 0.0046207351 0.0065761543 0.0066159708 0.0150043387 -0.0043224125 0.0040593188 0.0031361611 -0.0039381289 0.0033854696 -0.0020039912 0.0305690672 0.0123945117 0.0094436088 -0.0002015365 0.0057187997 0.0026045784  
0.1045822260 -0.0319551955 -0.1175074870 -0.0588602195 -0.0775748882 -0.0496570990 -0.0043682195 -0.0034810372 -0.0111181873 -0.0406256678 0.0300546182 -0.0060691815 -0.0039381289 0.0250245978 -0.0027895674 0.0214867849 -0.1103524519 -0.0441311973 -0.0249136864 -0.0358349857 -0.0177069267 -0.0138653832  
-0.0099890829 -0.0474625348 -0.0172127362 -0.0175056397 0.0004854884 -0.0009670223 0.0076623175 0.0135830882 0.0086637612 0.0189293134 -0.0042585128 0.0048232993 0.0033854696 -0.0027895674 0.0059203161 0.0010628604 0.0325454700 0.0124260824 0.0115767097 0.0012712050 0.0065316411 0.0052867839  
0.1070481344 -0.0825576683 -0.1371375319 -0.0675730784 -0.0790391499 -0.0468928071 0.0023576614 0.0103932153 -0.0050280476 -0.0246488160 0.0239613519 -0.0036489133 -0.0020039912 0.0214867849 0.0010628604 0.0233852182 -0.0831816079 -0.0358590030 -0.0171833380 -0.0279016887 -0.0130738424 -0.0075533270  
-0.5964001847 -0.2474575505 0.2883167642 0.0274235314 0.2587574676 0.1123444617 0.0565703965 0.0788888634 0.0895084254 0.2646364444 -0.1398028529 0.0460285662 0.0305690672 -0.1103524519 0.0325454700 -0.0831816079 0.6336939270 0.2276910971 0.1390239716 0.1128754717 0.0948928182 0.0602934338  
-0.2111654144 0.0221726230 0.1935977180 0.0711667822 0.1386429890 0.0783075116 0.0151556850 0.0158689292 0.0310054541 0.0911403111 -0.0520326779 0.0191341872 0.0123945117 -0.0441311973 0.0124260824 -0.0358590030 0.2276910971 0.0958410763 0.0601938040 0.0501876873 0.0403359275 0.0269385333  
-0.1019970707 -0.0246416817 0.0866244872 0.0292858771 0.0751594551 0.0479819121 0.0153843737 0.0225527025 0.0238585551 0.0622199367 -0.0295249929 0.0148588631 0.0094436088 -0.0249136864 0.0115767097 -0.0171833380 0.1390239716 0.0601938040 0.0440823675 0.0302088733 0.0279313146 0.0207377225  
0.0463383125 0.1273727451 0.2188671580 0.2436735058 0.1391789983 0.1619774200 -0.0009941020 0.0034360355 0.0003188286 0.0347712369 -0.0548260768 -0.0027787281 -0.0002015365 -0.0358349857 0.0012712050 -0.0279016887 0.1128754717 0.0501876873 0.0302088733 0.1361252639 0.0186390915 0.0519242071  
-0.0796382481 0.0007183950 0.0725296268 0.0295311537 0.0560604961 0.0362398965 0.0074933013 0.0095294154 0.0135591935 0.0397498662 -0.0216511105 0.0089312694 0.0057187997 -0.0177069267 0.0065316411 -0.0130738424 0.0948928182 0.0403359275 0.0279313146 0.0186390915 0.0295315835 0.0166673744  
0.0382280668 0.0386530920 0.0762007450 0.1134873758 0.0546412810 0.0745925887 0.0003183227 0.0002687921 0.0041010042 0.0210973361 -0.0226227476 0.0020740721 0.0026045784 -0.0138653832 0.0052867839 -0.0075533270 0.0602934338 0.0269385333 0.0207377225 0.0519242071 0.0166673744 0.0612449110  
0.2259890385 0.0449007137 0.0184961312 0.0522245956 0.0130327403 0.0315260407 0.2388151661 0.3636592059 0.0781596566 0.1547309990 -0.0049767449 -0.0308462620 -0.0137281323 -0.0199940793 -0.0134354281 -0.0318529509 -0.0978328097 -0.0035458058 -0.0055557620 0.0014136295 -0.0463151258 -0.0155811829  
0.0449007137 0.0119905433 0.0042385754 0.0108043832 0.0028213999 0.0067144261 0.0470578062 0.0826215528 0.0107246393 0.0379180182 -0.0037625552 -0.0065274580 -0.0030355467 -0.0048212102 -0.0030659251 -0.0074502533 -0.0147105275 -0.0008262984 -0.0014335527 -0.0003815734 -0.0056819638 -0.0057800480  
0.0184961312 0.0042385754 0.0037530999 0.0065130726 0.0029563163 0.0049091478 0.0306638353 0.0328769823 0.0310103844 0.0246820144 0.0038020474 0.0017570198 0.0012912320 0.0013701006 0.0019901030 0.0034025857 -0.0088325190 0.0022528044 0.0031003256 0.0009138104 -0.0022047097 -0.0061266065  
