1.4042200354 0.3588756272 0.1288977035 0.2140203616 0.0144932506 0.0169479487 1.4085115397 1.5252322467 0.9666728084 1.4725272679 -0.1185989052 -0.1915992721 -0.2145518843 -0.4576101042 -0.2166289597 -0.5060359898 0.4296951158 -0.0889148286 -0.1014367103 0.2168457548 -1.0999516405 -0.4419161574  
0.3588756272 0.1382159728 0.0607362242 0.0862262243 0.0288138296 0.0521768663 0.2228032844 0.3664195818 0.1311193522 0.3705740760 -0.1714882204 -0.0684916779 -0.0579349586 -0.1316833953 -0.0442426624 -0.1097474346 0.3184002924 -0.0030289827 -0.0040049519 0.0429657943 -0.1234924270 -0.1729858773  
0.1288977035 0.0607362242 0.0370295313 0.0555570242 0.0262624077 0.0510742437 -0.0244532070 0.0639536442 -0.0598593480 0.0476721502 -0.1879702193 -0.0520322474 -0.0326712136 -0.0755984679 -0.0186870073 -0.0463485824 0.0873736329 0.0075422799 0.0083405281 0.0176750876 0.0340854253 -0.0539899036  
0.2140203616 0.0862262243 0.0555570242 0.0988162551 0.0423785601 0.0918857723 -0.0415613574 0.1024136942 -0.0956255479 0.0813446644 -0.3382620646 -0.0965944254 -0.0606842722 -0.1294727321 -0.0371436012 -0.0815987666 -0.0660837611 0.0045198565 0.0094518931 0.0327483105 0.0648486630 -0.0682568888  
0.0144932506 0.0288138296 0.0262624077 0.0423785601 0.0283030253 0.0579801279 -0.1519561213 -0.0705323315 -0.1483202128 -0.0814224183 -0.1989279976 -0.0415256110 -0.0182670354 -0.0427953272 -0.0018086743 -0.0047546108 0.0138069390 0.0149339747 0.0186104441 0.0019286401 0.1403852264 -0.0132783587  
0.0169479487 0.0521768663 0.0510742437 0.0918857723 0.0579801279 0.1303677943 -0.3233638471 -0.1324642754 -0.2931753204 -0.1198070284 -0.4358360617 -0.0874604557 -0.0379072607 -0.0832029548 -0.0037439834 -0.0021600601 -0.0823628363 0.0261139753 0.0375594588 -0.0006138186 0.3353952001 -0.0354143057  
1.4085115397 0.2228032844 -0.0244532070 -0.0415613574 -0.1519561213 -0.3233638471 2.6733215778 2.3333978105 2.2829123414 2.5764577919 1.2488429097 0.1303639846 -0.0806616440 -0.1740630156 -0.1918280727 -0.4543103259 0.7936084419 -0.1783638424 -0.2056256882 0.2093703695 -1.9618594013 -0.5715324968  
1.5252322467 0.3664195818 0.0639536442 0.1024136942 -0.0705323315 -0.1324642754 2.3333978105 2.5274164683 2.1114988394 3.0816819582 0.5401477274 0.0312376772 -0.1304348416 -0.2999781824 -0.1997916991 -0.4592404016 0.9272494405 -0.1488878987 -0.1581517258 0.1952184576 -1.3717305495 -0.9250343121  
0.9666728084 0.1311193522 -0.0598593480 -0.0956255479 -0.1483202128 -0.2931753204 2.2829123414 2.1114988394 2.2461321683 2.7671002464 1.1714321543 0.2464499861 0.0036443926 -0.0241753131 -0.1106883081 -0.2614914964 0.8466730430 -0.1488433373 -0.1605138242 0.1369220754 -1.3896609090 -0.7128181166  
1.4725272679 0.3705740760 0.0476721502 0.0813446644 -0.0814224183 -0.1198070284 2.5764577919 3.0816819582 2.7671002464 4.4918712674 0.4137589377 0.1693796056 -0.0908640062 -0.2883082555 -0.1864895890 -0.4201790252 1.4915128034 -0.1606792847 -0.1547312148 0.1927273031 -1.0270072974 -1.5084865909  
-0.1185989052 -0.1714882204 -0.1879702193 -0.3382620646 -0.1989279976 -0.4358360617 1.2488429097 0.5401477274 1.1714321543 0.4137589377 2.0226716106 0.4140090955 0.2209116055 0.5149472079 0.1039639845 0.2090460972 0.2452297319 -0.0724816042 -0.0920954138 -0.0724944546 -1.1118121350 0.2135256994  
-0.1915992721 -0.0684916779 -0.0520322474 -0.0965944254 -0.0415256110 -0.0874604557 0.1303639846 0.0312376772 0.2464499861 0.1693796056 0.4140090955 0.1449381788 0.0847771420 0.1682668082 0.0560183779 0.1184720761 0.1736856868 -0.0003054276 -0.0006879019 -0.0428642713 -0.0332719530 -0.0185667297  
-0.2145518843 -0.0579349586 -0.0326712136 -0.0606842722 -0.0182670354 -0.0379072607 -0.0806616440 -0.1304348416 0.0036443926 -0.0908640062 0.2209116055 0.0847771420 0.0652508584 0.1365898637 0.0531432875 0.1172310080 -0.0018014105 0.0108486210 0.0125492972 -0.0494020104 0.0984077157 0.0520320632  
-0.4576101042 -0.1316833953 -0.0755984679 -0.1294727321 -0.0427953272 -0.0832029548 -0.1740630156 -0.2999781824 -0.0241753131 -0.2883082555 0.5149472079 0.1682668082 0.1365898637 0.3114797776 0.1143084321 0.2608871359 -0.2272326919 0.0163410590 0.0228245271 -0.1112753849 0.1865204784 0.1769619252  
-0.2166289597 -0.0442426624 -0.0186870073 -0.0371436012 -0.0018086743 -0.0037439834 -0.1918280727 -0.1997916991 -0.1106883081 -0.1864895890 0.1039639845 0.0560183779 0.0531432875 0.1143084321 0.0538090861 0.1188904982 -0.0193171343 0.0201242474 0.0247004301 -0.0491957495 0.1874652418 0.0635007331  
-0.5060359898 -0.1097474346 -0.0463485824 -0.0815987666 -0.0047546108 -0.0021600601 -0.4543103259 -0.4592404016 -0.2614914964 -0.4201790252 0.2090460972 0.1184720761 0.1172310080 0.2608871359 0.1188904982 0.2735751490 -0.1791461198 0.0404046691 0.0536186435 -0.1148529899 0.4587294982 0.1533199675  
0.4296951158 0.3184002924 0.0873736329 -0.0660837611 0.0138069390 -0.0823628363 0.7936084419 0.9272494405 0.8466730430 1.4915128034 0.2452297319 0.1736856868 -0.0018014105 -0.2272326919 -0.0193171343 -0.1791461198 5.1309666549 0.0698239417 0.0237698083 0.0834246585 -0.3460141500 -1.0192841311  
-0.0889148286 -0.0030289827 0.0075422799 0.0045198565 0.0149339747 0.0261139753 -0.1783638424 -0.1488878987 -0.1488433373 -0.1606792847 -0.0724816042 -0.0003054276 0.0108486210 0.0163410590 0.0201242474 0.0404046691 0.0698239417 0.0200878332 0.0211974501 -0.0156998698 0.1440705263 0.0221292783  
-0.1014367103 -0.0040049519 0.0083405281 0.0094518931 0.0186104441 0.0375594588 -0.2056256882 -0.1581517258 -0.1605138242 -0.1547312148 -0.0920954138 -0.0006879019 0.0125492972 0.0228245271 0.0247004301 0.0536186435 0.0237698083 0.0211974501 0.0264151317 -0.0202147275 0.1901612091 0.0210804191  
0.2168457548 0.0429657943 0.0176750876 0.0327483105 0.0019286401 -0.0006138186 0.2093703695 0.1952184576 0.1369220754 0.1927273031 -0.0724944546 -0.0428642713 -0.0494020104 -0.1112753849 -0.0491957495 -0.1148529899 0.0834246585 -0.0156998698 -0.0202147275 0.0691371432 -0.2209916710 -0.0717156456  
-1.0999516405 -0.1234924270 0.0340854253 0.0648486630 0.1403852264 0.3353952001 -1.9618594013 -1.3717305495 -1.3896609090 -1.0270072974 -1.1118121350 -0.0332719530 0.0984077157 0.1865204784 0.1874652418 0.4587294982 -0.3460141500 0.1440705263 0.1901612091 -0.2209916710 2.0821087258 0.0783614499  
-0.4419161574 -0.1729858773 -0.0539899036 -0.0682568888 -0.0132783587 -0.0354143057 -0.5715324968 -0.9250343121 -0.7128181166 -1.5084865909 0.2135256994 -0.0185667297 0.0520320632 0.1769619252 0.0635007331 0.1533199675 -1.0192841311 0.0221292783 0.0210804191 -0.0717156456 0.0783614499 0.6965048311  
0.3518365657 0.3017059829 0.2722274236 0.2900784195 0.2783780062 0.3695623134 0.0049418741 0.2153876889 -0.2495136325 0.0448160927 -1.1477185465 -0.4975546610 -0.1360023816 -0.2850687793 0.0948102371 0.0682476185 0.7280962058 0.2707349581 0.2723200899 0.1288513687 0.1419500818 -0.0709410820  
0.3017059829 0.3042084120 0.2823033851 0.2840099207 0.2873667463 0.3682687427 -0.0548158952 0.1702433778 -0.2683448885 0.0277683902 -1.0305497401 -0.3308059711 -0.0092365560 -0.1376501503 0.1766669237 0.1805682320 0.9671287955 0.3164769464 0.3012032949 0.0835964034 0.2272657490 -0.1002873878  
0.2722274236 0.2823033851 0.2720689602 0.2696778139 0.2803888743 0.3533263060 -0.0943751969 0.1012547288 -0.2803963961 -0.0532818112 -0.8770310509 -0.1886912279 0.0779230785 -0.0419444234 0.2184152416 0.2303602505 0.9679209463 0.3282772443 0.3023169516 0.0682503410 0.2360937748 -0.0984115046  
0.2900784195 0.2840099207 0.2696778139 0.2802317827 0.2799168370 0.3672397392 -0.0769313852 0.1301832213 -0.2744959998 -0.0212079543 -0.9753853005 -0.2872883684 0.0052938202 -0.1127339829 0.1765366564 0.1890857411 0.8177566868 0.3017920564 0.2927029393 0.0896483086 0.2403854329 -0.0761647047  
0.2783780062 0.2873667463 0.2803888743 0.2799168370 0.2943401016 0.3719220495 -0.0996114613 0.0929175709 -0.2803833698 -0.0692311727 -0.8452546585 -0.1443224211 0.1129509966 -0.0042658139 0.2452935585 0.2649162057 0.9666668838 0.3474229835 0.3206308407 0.0695354389 0.2525639941 -0.0944857499  
0.3695623134 0.3682687427 0.3533263060 0.3672397392 0.3719220495 0.4914316307 -0.0938265643 0.1752828106 -0.3273435671 -0.0032965904 -1.1886419597 -0.3078366034 0.0514077894 -0.0828603427 0.2602833580 0.2964749971 1.0567153673 0.4055923664 0.3959719383 0.1064167903 0.3439354625 -0.0925156813  
0.0049418741 -0.0548158952 -0.0943751969 -0.0769313852 -0.0996114613 -0.0938265643 0.8161294236 0.6722432365 1.0315239224 1.1246765292 1.0159945950 0.0464217871 -0.1231519795 0.0784380882 -0.1222254614 -0.0389023684 -0.3826889108 -0.1888711058 -0.1098272190 -0.0812325760 -0.3564247097 -0.0067671181  
0.2153876889 0.1702433778 0.1012547288 0.1301832213 0.0929175709 0.1752828106 0.6722432365 0.8177410808 0.6760430208 1.1671436307 -0.2774966673 -0.5528623952 -0.3453613036 -0.2575240785 -0.1136911775 -0.0409289979 0.1765825208 -0.0183043267 0.0746103457 0.0088819297 -0.0745918919 -0.0567854493  
-0.2495136325 -0.2683448885 -0.2803963961 -0.2744959998 -0.2803833698 -0.3273435671 1.0315239224 0.6760430208 1.6022465415 1.4354877601 2.4823508321 0.8064221149 0.1945499706 0.6133537535 -0.0567213992 0.1464941935 -0.7749941194 -0.3509914321 -0.2589619395 -0.2377724929 -0.4578791723 0.0095487469  
0.0448160927 0.0277683902 -0.0532818112 -0.0212079543 -0.0692311727 -0.0032965904 1.1246765292 1.1671436307 1.4354877601 2.0088300868 0.6662889783 -0.3150333567 -0.3635427434 -0.0640723026 -0.2110495060 -0.0235607257 -0.0940658728 -0.2393867998 -0.0806123828 -0.1092380052 -0.1678156957 -0.0876962763  
-1.1477185465 -1.0305497401 -0.8770310509 -0.9753853005 -0.8452546585 -1.1886419597 1.0159945950 -0.2774966673 2.4823508321 0.6662889783 8.0911966581 4.2587433730 1.9951871435 3.0097645292 0.5663283976 1.0455677525 -2.1594858592 -0.6133110835 -0.6752484291 -0.7953468878 -0.9686144424 0.2841000740  
-0.4975546610 -0.3308059711 -0.1886912279 -0.2872883684 -0.1443224211 -0.3078366034 0.0464217871 -0.5528623952 0.8064221149 -0.3150333567 4.2587433730 3.3285095580 2.0044891011 2.4283454171 0.9946662729 1.3393961444 0.5238443826 0.2268419142 0.0487821463 -0.5052433221 -0.0713406047 -0.0777799403  
-0.1360023816 -0.0092365560 0.0779230785 0.0052938202 0.1129509966 0.0514077894 -0.1231519795 -0.3453613036 0.1945499706 -0.3635427434 1.9951871435 2.0044891011 1.3890365243 1.5536981711 0.8273549903 1.0458992120 1.1077455298 0.4110351727 0.2578659375 -0.2874884195 0.1558403071 -0.1224484798  
-0.2850687793 -0.1376501503 -0.0419444234 -0.1127339829 -0.0042658139 -0.0828603427 0.0784380882 -0.2575240785 0.6133537535 -0.0640723026 3.0097645292 2.4283454171 1.5536981711 1.9652166265 0.8639043941 1.2314342358 0.5559304249 0.2744717412 0.1609421770 -0.4296746514 0.1208489980 -0.0005171527  
0.0948102371 0.1766669237 0.2184152416 0.1765366564 0.2452935585 0.2602833580 -0.1222254614 -0.1136911775 -0.0567213992 -0.2110495060 0.5663283976 0.9946662729 0.8273549903 0.8639043941 0.6129217429 0.7598092183 1.2187878277 0.4423162243 0.3450149353 -0.1226734678 0.2642740750 -0.1177641036  
0.0682476185 0.1805682320 0.2303602505 0.1890857411 0.2649162057 0.2964749971 -0.0389023684 -0.0409289979 0.1464941935 -0.0235607257 1.0455677525 1.3393961444 1.0458992120 1.2314342358 0.7598092183 1.0487798964 1.2177145156 0.4750646064 0.3966563281 -0.2133237980 0.3819593526 -0.0742761022  
0.7280962058 0.9671287955 0.9679209463 0.8177566868 0.9666668838 1.0567153673 -0.3826889108 0.1765825208 -0.7749941194 -0.0940658728 -2.1594858592 0.5238443826 1.1077455298 0.5559304249 1.2187878277 1.2177145156 6.1588330418 1.4435193797 1.1487092253 0.0354601608 0.8360275517 -0.9280095210  
0.2707349581 0.3164769464 0.3282772443 0.3017920564 0.3474229835 0.4055923664 -0.1888711058 -0.0183043267 -0.3509914321 -0.2393867998 -0.6133110835 0.2268419142 0.4110351727 0.2744717412 0.4423162243 0.4750646064 1.4435193797 0.4901268963 0.4078475477 0.0263314229 0.2997780721 -0.1586184243  
0.2723200899 0.3012032949 0.3023169516 0.2927029393 0.3206308407 0.3959719383 -0.1098272190 0.0746103457 -0.2589619395 -0.0806123828 -0.6752484291 0.0487821463 0.2578659375 0.1609421770 0.3450149353 0.3966563281 1.1487092253 0.4078475477 0.3675880711 0.0402741979 0.2974000746 -0.1121736871  
0.1288513687 0.0835964034 0.0682503410 0.0896483086 0.0695354389 0.1064167903 -0.0812325760 0.0088819297 -0.2377724929 -0.1092380052 -0.7953468878 -0.5052433221 -0.2874884195 -0.4296746514 -0.1226734678 -0.2133237980 0.0354601608 0.0263314229 0.0402741979 0.1836020645 0.0356662718 -0.0135549640  
0.1419500818 0.2272657490 0.2360937748 0.2403854329 0.2525639941 0.3439354625 -0.3564247097 -0.0745918919 -0.4578791723 -0.1678156957 -0.9686144424 -0.0713406047 0.1558403071 0.1208489980 0.2642740750 0.3819593526 0.8360275517 0.2997780721 0.2974000746 0.0356662718 0.6164952576 -0.0370536194  
-0.0709410820 -0.1002873878 -0.0984115046 -0.0761647047 -0.0944857499 -0.0925156813 -0.0067671181 -0.0567854493 0.0095487469 -0.0876962763 0.2841000740 -0.0777799403 -0.1224484798 -0.0005171527 -0.1177641036 -0.0742761022 -0.9280095210 -0.1586184243 -0.1121736871 -0.0135549640 -0.0370536194 0.2273803956  
9.3690091733 6.8058122792 2.3473739703 3.9178689352 0.1996228524 1.0686309321 -0.1507558679 0.4375824612 -0.8701777436 -0.8414330261 -1.4262800283 -0.6847816201 -0.6419158562 -0.7421923538 -0.6906459010 -0.8784484823 -1.5431068791 -0.7599481213 -0.6490104927 1.4180144741 -0.6554868162 0.4081070076  
6.8058122792 5.9101171094 2.2451281566 3.4027859893 0.3901688872 1.0648922409 -0.2409435464 0.0603764168 -0.7145921797 -0.8432801650 -0.9179484916 -0.5193741084 -0.4900975643 -0.5457668329 -0.5223655497 -0.6809819155 -1.4532836596 -0.5638299240 -0.4741453315 0.9874192906 -0.5582600114 0.2117655925  
2.3473739703 2.2451281566 1.1238253408 1.5292314921 0.3700253158 0.6511958440 -0.0013484016 0.1177232756 -0.1568172656 -0.1672471601 -0.2563884546 -0.1084525575 -0.1021186300 -0.1454327116 -0.1086836644 -0.1659908831 -0.3082413182 -0.0745632148 -0.0517274553 0.4170568999 -0.1160345076 0.1282210578  
3.9178689352 3.4027859893 1.5292314921 2.2549106023 0.4220712766 0.8821319791 -0.0250940577 0.1838582911 -0.2921601662 -0.3093889736 -0.4655497712 -0.2103789197 -0.1952225885 -0.2466031793 -0.2064602010 -0.2828561688 -0.5763244152 -0.1903403232 -0.1424622696 0.6772714485 -0.2074895886 0.2114612676  
0.1996228524 0.3901688872 0.3700253158 0.4220712766 0.2512094108 0.3306780145 0.1041034631 0.1052283409 0.1138362492 0.1017426550 0.1428169587 0.0983386856 0.0951794109 0.1048336517 0.1076482252 0.1392568983 0.0979492731 0.1268554649 0.1386374664 0.0493340407 0.0836499781 0.0717826282  
1.0686309321 1.0648922409 0.6511958440 0.8821319791 0.3306780145 0.5328874499 0.1321886946 0.1866091157 0.0848816118 0.0688698444 0.0797526402 0.0772660772 0.0786394450 0.0910887225 0.0926568183 0.1301004907 -0.0084611585 0.1017117118 0.1319541733 0.1952784192 0.0647459180 0.1335829083  
-0.1507558679 -0.2409435464 -0.0013484016 -0.0250940577 0.1041034631 0.1321886946 0.1767168045 0.1981961446 0.1902980479 0.2180593811 0.1840109582 0.1385282496 0.1352092997 0.1606676028 0.1497487259 0.2150081063 0.2369358009 0.1461492070 0.1584057065 -0.0272420473 0.1260274360 0.0683022641  
0.4375824612 0.0603764168 0.1177232756 0.1838582911 0.1052283409 0.1866091157 0.1981961446 0.3070693870 0.1534562207 0.2367297699 0.0396582844 0.0962446444 0.0960136420 0.0954301254 0.1037319393 0.1496659514 0.2546335375 0.1099650404 0.1203287886 0.1087490779 0.1017111335 0.1012645803  
-0.8701777436 -0.7145921797 -0.1568172656 -0.2921601662 0.1138362492 0.0848816118 0.1902980479 0.1534562207 0.2763343795 0.2763516348 0.3452941958 0.2106219682 0.2036611790 0.2500847673 0.2260647552 0.3195806519 0.3298201516 0.2203073731 0.2309300426 -0.1538156301 0.1886716485 0.0443035600  
-0.8414330261 -0.8432801650 -0.1672471601 -0.3093889736 0.1017426550 0.0688698444 0.2180593811 0.2367297699 0.2763516348 0.3578425703 0.2429055604 0.1958166698 0.1893885645 0.2005973390 0.2045767317 0.2747538347 0.4795133295 0.2255436696 0.2198830350 -0.0778191181 0.1979137684 0.0552306514  
-1.4262800283 -0.9179484916 -0.2563884546 -0.4655497712 0.1428169587 0.0797526402 0.1840109582 0.0396582844 0.3452941958 0.2429055604 0.6016479205 0.2911264421 0.2807540052 0.3866958711 0.3185650744 0.4652637753 0.2366438807 0.2787821290 0.3088919392 -0.3375342463 0.2310403910 0.0199733721  
-0.6847816201 -0.5193741084 -0.1084525575 -0.2103789197 0.0983386856 0.0772660772 0.1385282496 0.0962446444 0.2106219682 0.1958166698 0.2911264421 0.1690057488 0.1630143055 0.2060778461 0.1824974779 0.2596861913 0.2274008088 0.1742858830 0.1856115090 -0.1292426404 0.1498309618 0.0352661751  
-0.6419158562 -0.4900975643 -0.1021186300 -0.1952225885 0.0951794109 0.0786394450 0.1352092997 0.0960136420 0.2036611790 0.1893885645 0.2807540052 0.1630143055 0.1585655295 0.2005999117 0.1772069171 0.2531247048 0.2180776477 0.1683552425 0.1798997224 -0.1200080846 0.1462244732 0.0355706509  
-0.7421923538 -0.5457668329 -0.1454327116 -0.2466031793 0.1048336517 0.0910887225 0.1606676028 0.0954301254 0.2500847673 0.2005973390 0.3866958711 0.2060778461 0.2005999117 0.2729238716 0.2275370858 0.3362370042 0.1939922662 0.1983866429 0.2225185631 -0.1776949843 0.1747261110 0.0421704127  
-0.6906459010 -0.5223655497 -0.1086836644 -0.2064602010 0.1076482252 0.0926568183 0.1497487259 0.1037319393 0.2260647552 0.2045767317 0.3185650744 0.1824974779 0.1772069171 0.2275370858 0.1995884153 0.2862585129 0.2291505060 0.1866671300 0.2014832540 -0.1351023236 0.1631137174 0.0420422618  
-0.8784484823 -0.6809819155 -0.1659908831 -0.2828561688 0.1392568983 0.1301004907 0.2150081063 0.1496659514 0.3195806519 0.2747538347 0.4652637753 0.2596861913 0.2531247048 0.3362370042 0.2862585129 0.4211895446 0.2799123575 0.2552596787 0.2835679332 -0.1960125652 0.2273839315 0.0633126588  
-1.5431068791 -1.4532836596 -0.3082413182 -0.5763244152 0.0979492731 -0.0084611585 0.2369358009 0.2546335375 0.3298201516 0.4795133295 0.2366438807 0.2274008088 0.2180776477 0.1939922662 0.2291505060 0.2799123575 0.7572405590 0.2940973613 0.2585457419 -0.0941648285 0.2600340667 0.0405572665  
-0.7599481213 -0.5638299240 -0.0745632148 -0.1903403232 0.1268554649 0.1017117118 0.1461492070 0.1099650404 0.2203073731 0.2255436696 0.2787821290 0.1742858830 0.1683552425 0.1983866429 0.1866671300 0.2552596787 0.2940973613 0.1952225771 0.1983706456 -0.1091626978 0.1651295979 0.0399696992  
-0.6490104927 -0.4741453315 -0.0517274553 -0.1424622696 0.1386374664 0.1319541733 0.1584057065 0.1203287886 0.2309300426 0.2198830350 0.3088919392 0.1856115090 0.1798997224 0.2225185631 0.2014832540 0.2835679332 0.2585457419 0.1983706456 0.2111433036 -0.1126986022 0.1692564756 0.0522981271  
1.4180144741 0.9874192906 0.4170568999 0.6772714485 0.0493340407 0.1952784192 -0.0272420473 0.1087490779 -0.1538156301 -0.0778191181 -0.3375342463 -0.1292426404 -0.1200080846 -0.1776949843 -0.1351023236 -0.1960125652 -0.0941648285 -0.1091626978 -0.1126986022 0.3544925011 -0.0842421880 0.0615311965  
-0.6554868162 -0.5582600114 -0.1160345076 -0.2074895886 0.0836499781 0.0647459180 0.1260274360 0.1017111335 0.1886716485 0.1979137684 0.2310403910 0.1498309618 0.1462244732 0.1747261110 0.1631137174 0.2273839315 0.2600340667 0.1651295979 0.1692564756 -0.0842421880 0.1643672698 0.0403955493  
0.4081070076 0.2117655925 0.1282210578 0.2114612676 0.0717826282 0.1335829083 0.0683022641 0.1012645803 0.0443035600 0.0552306514 0.0199733721 0.0352661751 0.0355706509 0.0421704127 0.0420422618 0.0633126588 0.0405572665 0.0399696992 0.0522981271 0.0615311965 0.0403955493 0.0881019338  
2.4960050583 0.4568891908 -0.1996929358 -0.0017918783 -0.4429051884 -0.5482453418 0.8157306030 1.0916119469 0.4907168155 1.1761179857 -0.2491880940 -0.2690121366 -0.3900519516 -0.5171042586 -0.4708802858 -0.7317446462 1.1466960254 -0.5049156065 -0.5437476343 0.5153148071 -1.3444167723 -0.0940740591  
0.4568891908 0.6021150510 0.4037995944 0.3919563692 0.2495766612 0.2917100420 0.0729751139 0.1461481888 0.0257801581 0.0118951403 0.0449684733 0.0596184581 0.0672172253 0.0649672243 0.0771280489 0.0916318229 0.0627484407 0.1365045341 0.1095796955 0.0325949633 0.0490909210 -0.0387978743  
-0.1996929358 0.4037995944 0.4052144699 0.3477111701 0.3316277785 0.3950172276 -0.1137947694 -0.1177591786 -0.0711195326 -0.2397740526 0.1092850458 0.1268719545 0.1614251457 0.1878556407 0.1891473346 0.2654052542 -0.1678487894 0.2516122813 0.2356622076 -0.0821836450 0.3580071530 -0.0080354417  
-0.0017918783 0.3919563692 0.3477111701 0.3589514016 0.2992561787 0.3934387004 0.0494004239 0.0701485445 0.0668373835 -0.0503740498 0.1797499019 0.1558992517 0.1813564111 0.2179751705 0.2064038803 0.3003137766 -0.2181898194 0.2283720771 0.2354528374 -0.0296242777 0.2303234976 0.0332904833  
-0.4429051884 0.2495766612 0.3316277785 0.2992561787 0.3585470693 0.4661421038 -0.0679609147 -0.0976870180 0.0066121658 -0.2216940022 0.2439174034 0.2112164521 0.2531198988 0.3115308017 0.2933335239 0.4319728657 -0.4034500321 0.3149626685 0.3362158534 -0.1376374660 0.4475872150 0.0561984920  
-0.5482453418 0.2917100420 0.3950172276 0.3934387004 0.4661421038 0.6467785846 0.0073202508 -0.0224249053 0.1000037302 -0.1930027752 0.3991977695 0.3187804150 0.3726947146 0.4659367071 0.4286381087 0.6416666772 -0.6454081724 0.4218161789 0.4753754148 -0.1742272511 0.5647197542 0.1098256398  
0.8157306030 0.0729751139 -0.1137947694 0.0494004239 -0.0679609147 0.0073202508 0.5887822678 0.6787802569 0.4844015683 0.6950238177 0.2237646935 0.1000642783 0.0594956477 0.0727759742 0.0493511183 0.0810007730 0.1211605422 -0.0479854499 0.0078453453 0.1700880885 -0.4551318957 0.0921001306  
1.0916119469 0.1461481888 -0.1177591786 0.0701485445 -0.0976870180 -0.0224249053 0.6787802569 0.8183365921 0.5460868755 0.8352945788 0.2079131229 0.0813046052 0.0289792747 0.0293954979 0.0119424677 0.0209393596 0.2484281974 -0.0898089568 -0.0343364953 0.2251511591 -0.5716361343 0.0742573585  
0.4907168155 0.0257801581 -0.0711195326 0.0668373835 0.0066121658 0.1000037302 0.4844015683 0.5460868755 0.4365281572 0.5611927570 0.2621268137 0.1450211457 0.1204617866 0.1478244679 0.1211863725 0.1880809993 0.0206676279 0.0332128042 0.0926568789 0.1122698198 -0.2678897276 0.1017028614  
1.1761179857 0.0118951403 -0.2397740526 -0.0503740498 -0.2216940022 -0.1930027752 0.6950238177 0.8352945788 0.5611927570 0.9754574017 0.0970156750 0.0081733760 -0.0615887176 -0.0979419051 -0.0962887983 -0.1500580776 0.6472922252 -0.1887119389 -0.1515084561 0.3031646644 -0.7006401784 0.0271178470  
-0.2491880940 0.0449684733 0.1092850458 0.1797499019 0.2439174034 0.3991977695 0.2237646935 0.2079131229 0.2621268137 0.0970156750 0.4127862227 0.2743725881 0.2978148686 0.3870669185 0.3361161189 0.5199215759 -0.6135405720 0.2598840971 0.3401564245 -0.1009154887 0.2160321650 0.1610566146  
-0.2690121366 0.0596184581 0.1268719545 0.1558992517 0.2112164521 0.3187804150 0.1000642783 0.0813046052 0.1450211457 0.0081733760 0.2743725881 0.1984843154 0.2201819091 0.2800951583 0.2497032603 0.3803737459 -0.3863597700 0.2147001103 0.2621084375 -0.0832791065 0.2298583723 0.0966142992  
-0.3900519516 0.0672172253 0.1614251457 0.1813564111 0.2531198988 0.3726947146 0.0594956477 0.0289792747 0.1204617866 -0.0615887176 0.2978148686 0.2201819091 0.2512672785 0.3203925931 0.2862618983 0.4367884873 -0.4765278932 0.2537965693 0.3041481756 -0.1127502142 0.3131049893 0.1044506913  
-0.5171042586 0.0649672243 0.1878556407 0.2179751705 0.3115308017 0.4659367071 0.0727759742 0.0293954979 0.1478244679 -0.0979419051 0.3870669185 0.2800951583 0.3203925931 0.4157593349 0.3663344336 0.5645034466 -0.6895408827 0.3158516603 0.3850959287 -0.1539679332 0.3957793665 0.1449353116  
-0.4708802858 0.0771280489 0.1891473346 0.2064038803 0.2933335239 0.4286381087 0.0493511183 0.0119424677 0.1211863725 -0.0962887983 0.3361161189 0.2497032603 0.2862618983 0.3663344336 0.3279524437 0.4999108933 -0.5624525630 0.2929981000 0.3497363785 -0.1383350468 0.3753030593 0.1172592331  
-0.7317446462 0.0916318229 0.2654052542 0.3003137766 0.4319728657 0.6416666772 0.0810007730 0.0209393596 0.1880809993 -0.1500580776 0.5199215759 0.3803737459 0.4367884873 0.5645034466 0.4999108933 0.7696838053 -0.9229300724 0.4359881761 0.5282940017 -0.2144025630 0.5640724469 0.1892738695  
1.1466960254 0.0627484407 -0.1678487894 -0.2181898194 -0.4034500321 -0.6454081724 0.1211605422 0.2484281974 0.0206676279 0.6472922252 -0.6135405720 -0.3863597700 -0.4765278932 -0.6895408827 -0.5624525630 -0.9229300724 2.2077302537 -0.4201145229 -0.5668070147 0.4161267451 -0.6786936787 -0.3454942393  
-0.5049156065 0.1365045341 0.2516122813 0.2283720771 0.3149626685 0.4218161789 -0.0479854499 -0.0898089568 0.0332128042 -0.1887119389 0.2598840971 0.2147001103 0.2537965693 0.3158516603 0.2929981000 0.4359881761 -0.4201145229 0.2984930943 0.3284862661 -0.1410134509 0.4225425421 0.0736697070  
-0.5437476343 0.1095796955 0.2356622076 0.2354528374 0.3362158534 0.4753754148 0.0078453453 -0.0343364953 0.0926568789 -0.1515084561 0.3401564245 0.2621084375 0.3041481756 0.3850959287 0.3497363785 0.5282940017 -0.5668070147 0.3284862661 0.3819698774 -0.1597177912 0.4466797631 0.1092804999  
0.5153148071 0.0325949633 -0.0821836450 -0.0296242777 -0.1376374660 -0.1742272511 0.1700880885 0.2251511591 0.1122698198 0.3031646644 -0.1009154887 -0.0832791065 -0.1127502142 -0.1539679332 -0.1383350468 -0.2144025630 0.4161267451 -0.1410134509 -0.1597177912 0.1679908814 -0.3309104287 -0.0352816454  
-1.3444167723 0.0490909210 0.3580071530 0.2303234976 0.4475872150 0.5647197542 -0.4551318957 -0.5716361343 -0.2678897276 -0.7006401784 0.2160321650 0.2298583723 0.3131049893 0.3957793665 0.3753030593 0.5640724469 -0.6786936787 0.4225425421 0.4466797631 -0.3309104287 0.9731725294 0.0192724310  
-0.0940740591 -0.0387978743 -0.0080354417 0.0332904833 0.0561984920 0.1098256398 0.0921001306 0.0742573585 0.1017028614 0.0271178470 0.1610566146 0.0966142992 0.1044506913 0.1449353116 0.1172592331 0.1892738695 -0.3454942393 0.0736697070 0.1092804999 -0.0352816454 0.0192724310 0.0994577174  
1.4330195132 0.8720567498 0.3379021827 0.6507677316 0.1229106940 0.3422941110 0.1856390507 0.6062457851 0.0125117782 0.2882964962 -0.1944573908 -0.0916049358 -0.0682686644 -0.0641017993 -0.0631272564 -0.0552708129 -0.4083433165 -0.0853689519 -0.0528503953 0.2911035859 -0.0047956149 -0.0970452233  
0.8720567498 0.7794325353 0.3331381806 0.4232503706 0.1313483229 0.2141867297 0.0105405471 0.3015921669 -0.0945207395 0.0561400503 -0.1575422649 -0.0730036394 -0.0543112452 -0.0741456768 -0.0515945320 -0.0798576736 -0.0452700269 -0.0128368715 -0.0237767805 0.1518654002 0.0163338879 -0.1754099393  
0.3379021827 0.3331381806 0.2460839645 0.2818085782 0.1610619178 0.2022693407 -0.0670053029 -0.0625444768 -0.0577493426 -0.0901885430 -0.0444854907 0.0144987333 0.0241284102 -0.0113546787 0.0284050296 0.0010511574 0.1411342532 0.0904903786 0.0677622955 0.0909397176 0.0583069895 0.0395454131  
0.6507677316 0.4232503706 0.2818085782 0.4435146811 0.1816507610 0.3018753984 0.0291267912 0.1066623942 0.0082735452 0.0529468848 -0.0638997276 0.0126374381 0.0255186501 -0.0021664449 0.0311511122 0.0208914510 0.0003354656 0.0698370079 0.0662210952 0.1797153155 0.0615232940 0.0760421218  
0.1229106940 0.1313483229 0.1610619178 0.1816507610 0.1370793765 0.1640144435 -0.0502404333 -0.1182074674 -0.0136503212 -0.0802611919 0.0139311415 0.0431834425 0.0469291394 0.0187056976 0.0521051328 0.0362331308 0.1446136347 0.1029178895 0.0862586711 0.0495058588 0.0582893412 0.0882674480  
0.3422941110 0.2141867297 0.2022693407 0.3018753984 0.1640144435 0.2487425069 0.0174311200 0.0004243332 0.0354171096 0.0205913897 0.0096003420 0.0485957221 0.0542118325 0.0297142545 0.0612946643 0.0564315434 0.0694642567 0.1006955126 0.0961096981 0.1060311747 0.0671329493 0.1085035339  
0.1856390507 0.0105405471 -0.0670053029 0.0291267912 -0.0502404333 0.0174311200 0.2934814676 0.4527295347 0.2340400427 0.4674057402 0.0584171659 0.0209475175 0.0111581565 0.0402254787 0.0079514418 0.0466065476 -0.0415441376 -0.0533698313 -0.0198663322 0.0408969104 -0.0519480460 -0.1039162909  
0.6062457851 0.3015921669 -0.0625444768 0.1066623942 -0.1182074674 0.0004243332 0.4527295347 0.9271117756 0.2981507928 0.8003712920 -0.0258619379 -0.0494510498 -0.0555259503 -0.0021685024 -0.0620788183 -0.0088084585 -0.1793122028 -0.1696624713 -0.1137962232 0.0927664179 -0.0891960521 -0.3341347209  
0.0125117782 -0.0945207395 -0.0577493426 0.0082735452 -0.0136503212 0.0354171096 0.2340400427 0.2981507928 0.2341938923 0.4027247358 0.0830613905 0.0525749483 0.0406523864 0.0534046718 0.0378611169 0.0667819166 0.1067424872 0.0018178894 0.0228307716 0.0234780945 -0.0177697216 -0.0391942749  
0.2882964962 0.0561400503 -0.0901885430 0.0529468848 -0.0802611919 0.0205913897 0.4674057402 0.8003712920 0.4027247358 0.9124360522 0.0364721808 0.0207202337 0.0047674657 0.0322892717 -0.0054682865 0.0399673183 0.1773300276 -0.0879996939 -0.0465524118 0.0751821284 -0.0425688574 -0.2570154763  
-0.1944573908 -0.1575422649 -0.0444854907 -0.0638997276 0.0139311415 0.0096003420 0.0584171659 -0.0258619379 0.0830613905 0.0364721808 0.1129312785 0.0586836306 0.0503495488 0.0588542153 0.0539642130 0.0704043999 0.0302052533 0.0483574429 0.0554376635 -0.0443164741 -0.0054423035 0.0545173572  
-0.0916049358 -0.0730036394 0.0144987333 0.0126374381 0.0431834425 0.0485957221 0.0209475175 -0.0494510498 0.0525749483 0.0207202337 0.0586836306 0.0472319255 0.0427588404 0.0361616959 0.0445928073 0.0479395478 0.1017930505 0.0560196445 0.0534323825 -0.0057609538 0.0183248693 0.0569046930  
-0.0682686644 -0.0543112452 0.0241284102 0.0255186501 0.0469291394 0.0542118325 0.0111581565 -0.0555259503 0.0406523864 0.0047674657 0.0503495488 0.0427588404 0.0404449546 0.0329686459 0.0423341605 0.0445286913 0.0899675544 0.0553029500 0.0520612355 -0.0004707986 0.0209201380 0.0589814844  
-0.0641017993 -0.0741456768 -0.0113546787 -0.0021664449 0.0187056976 0.0297142545 0.0402254787 -0.0021685024 0.0534046718 0.0322892717 0.0588542153 0.0361616959 0.0329686459 0.0383879946 0.0356174863 0.0477908735 0.0057007982 0.0312074586 0.0366902024 -0.0091752860 0.0049274466 0.0441905071  
-0.0631272564 -0.0515945320 0.0284050296 0.0311511122 0.0521051328 0.0612946643 0.0079514418 -0.0620788183 0.0378611169 -0.0054682865 0.0539642130 0.0445928073 0.0423341605 0.0356174863 0.0457787937 0.0484189554 0.0776454528 0.0593742039 0.0567927108 -0.0010597009 0.0241798031 0.0657937188  
-0.0552708129 -0.0798576736 0.0010511574 0.0208914510 0.0362331308 0.0564315434 0.0466065476 -0.0088084585 0.0667819166 0.0399673183 0.0704043999 0.0479395478 0.0445286913 0.0477908735 0.0484189554 0.0628672303 0.0169480125 0.0469130369 0.0530886469 -0.0025194322 0.0155339848 0.0658097834  
-0.4083433165 -0.0452700269 0.1411342532 0.0003354656 0.1446136347 0.0694642567 -0.0415441376 -0.1793122028 0.1067424872 0.1773300276 0.0302052533 0.1017930505 0.0899675544 0.0057007982 0.0776454528 0.0169480125 1.0270439534 0.1864882079 0.1188410415 -0.0215856935 0.1002288945 -0.0516994048  
-0.0853689519 -0.0128368715 0.0904903786 0.0698370079 0.1029178895 0.1006955126 -0.0533698313 -0.1696624713 0.0018178894 -0.0879996939 0.0483574429 0.0560196445 0.0553029500 0.0312074586 0.0593742039 0.0469130369 0.1864882079 0.1047130557 0.0869164438 0.0027481216 0.0500332404 0.0917724505  
-0.0528503953 -0.0237767805 0.0677622955 0.0662210952 0.0862586711 0.0961096981 -0.0198663322 -0.1137962232 0.0228307716 -0.0465524118 0.0554376635 0.0534323825 0.0520612355 0.0366902024 0.0567927108 0.0530886469 0.1188410415 0.0869164438 0.0788681523 0.0046805986 0.0417054024 0.0880687967  
0.2911035859 0.1518654002 0.0909397176 0.1797153155 0.0495058588 0.1060311747 0.0408969104 0.0927664179 0.0234780945 0.0751821284 -0.0443164741 -0.0057609538 -0.0004707986 -0.0091752860 -0.0010597009 -0.0025194322 -0.0215856935 0.0027481216 0.0046805986 0.1038222992 0.0089276833 0.0249646984  
-0.0047956149 0.0163338879 0.0583069895 0.0615232940 0.0582893412 0.0671329493 -0.0519480460 -0.0891960521 -0.0177697216 -0.0425688574 -0.0054423035 0.0183248693 0.0209201380 0.0049274466 0.0241798031 0.0155339848 0.1002288945 0.0500332404 0.0417054024 0.0089276833 0.0683838537 0.0438221182  
-0.0970452233 -0.1754099393 0.0395454131 0.0760421218 0.0882674480 0.1085035339 -0.1039162909 -0.3341347209 -0.0391942749 -0.2570154763 0.0545173572 0.0569046930 0.0589814844 0.0441905071 0.0657937188 0.0658097834 -0.0516994048 0.0917724505 0.0880687967 0.0249646984 0.0438221182 0.2696361995  
0.9108330519 0.1769874634 -0.0127421095 0.3852066302 -0.0426978562 0.1909897126 -0.0972686324 -0.0537558218 -0.1522501122 -0.1148274763 -0.2269546378 -0.1175469902 -0.1154008704 -0.1470982590 -0.1081770562 -0.1473721905 -0.2980177424 -0.1360756346 -0.0709586034 0.2478809960 0.0720108279 0.4237435252  
0.1769874634 1.1953951606 0.7708971048 0.5803448585 0.3664472650 0.3209730161 -0.0629683876 0.0031174092 -0.0520011864 -0.1219868619 0.0393388899 0.0471138020 0.0741434382 0.0978228978 0.0719883010 0.0994376502 -0.0264540935 0.1492325664 0.0703148186 -0.0001807173 0.0103455586 -0.3302037569  
-0.0127421095 0.7708971048 0.5594484659 0.4125117380 0.3007543040 0.2737468257 0.0021776307 0.0477607163 0.0333913502 -0.0051680915 0.0912297991 0.0896516894 0.1117845085 0.1450096910 0.1120437023 0.1652220707 0.0842592176 0.1597147673 0.0994072251 -0.0328575504 0.0410732916 -0.2723787461  
0.3852066302 0.5803448585 0.4125117380 0.5722903339 0.2582759618 0.4151924744 0.0277602055 0.0922338409 0.0506785744 0.0561035395 0.0363251973 0.0892448976 0.1122776843 0.1505089424 0.1227473525 0.2025008872 0.0054019949 0.1172319245 0.1166559522 0.0878462041 0.1413945084 0.0168276722  
-0.0426978562 0.3664472650 0.3007543040 0.2582759618 0.2251063673 0.2619994516 0.0968092735 0.1214947071 0.1320052985 0.1005741583 0.1748527592 0.1435497690 0.1572286874 0.2060238469 0.1691188966 0.2576342556 0.1216298192 0.1703878932 0.1564855784 -0.0532153851 0.0916753454 -0.1253661602  
0.1909897126 0.3209730161 0.2737468257 0.4151924744 0.2619994516 0.4399319696 0.1678993747 0.2139596008 0.2095019434 0.1996562310 0.2192052700 0.2033667992 0.2205928734 0.2909660777 0.2448630609 0.3856364388 0.1364798470 0.2071158155 0.2331093024 -0.0020175880 0.1945847100 0.0296429548  
-0.0972686324 -0.0629683876 0.0021776307 0.0277602055 0.0968092735 0.1678993747 0.2086049900 0.2255770288 0.2316366411 0.2570831339 0.2239128320 0.1683053657 0.1689442961 0.2149195605 0.1848725831 0.2818645471 0.2585019328 0.1506742509 0.1727255712 -0.0626847439 0.1004942558 -0.0275753082  
-0.0537558218 0.0031174092 0.0477607163 0.0922338409 0.1214947071 0.2139596008 0.2255770288 0.2784109044 0.2566662158 0.3205699975 0.2197992415 0.1797245219 0.1831913934 0.2284244822 0.1972119182 0.3013436668 0.3505005780 0.1661350412 0.1825627996 -0.0460789234 0.1216480362 -0.0494931764  
-0.1522501122 -0.0520011864 0.0333913502 0.0506785744 0.1320052985 0.2095019434 0.2316366411 0.2566662158 0.2748670786 0.2974749554 0.2659962740 0.2039154432 0.2070931658 0.2650739741 0.2250640863 0.3444598430 0.3080649208 0.1873525520 0.2069276166 -0.0830437113 0.1233599272 -0.0560610120  
-0.1148274763 -0.1219868619 -0.0051680915 0.0561035395 0.1005741583 0.1996562310 0.2570831339 0.3205699975 0.2974749554 0.4347807756 0.2083279015 0.1868314212 0.1890378867 0.2257154025 0.1980125361 0.3003871038 0.5212298531 0.1688880432 0.1788217298 -0.0401678324 0.1339407729 -0.0581711987  
-0.2269546378 0.0393388899 0.0912297991 0.0363251973 0.1748527592 0.2192052700 0.2239128320 0.2197992415 0.2659962740 0.2083279015 0.3373386129 0.2303722217 0.2345844526 0.3104040793 0.2595866635 0.3948305107 0.1853842876 0.2222957627 0.2424426093 -0.1370767332 0.1145831474 -0.0908526456  
-0.1175469902 0.0471138020 0.0896516894 0.0892448976 0.1435497690 0.2033667992 0.1683053657 0.1797245219 0.2039154432 0.1868314212 0.2303722217 0.1742777173 0.1795742432 0.2356569350 0.1968155654 0.3028721624 0.1741703342 0.1670278505 0.1813541123 -0.0793379855 0.1059160712 -0.0554068005  
-0.1154008704 0.0741434382 0.1117845085 0.1122776843 0.1572286874 0.2205928734 0.1689442961 0.1831913934 0.2070931658 0.1890378867 0.2345844526 0.1795742432 0.1872798679 0.2458571131 0.2043228997 0.3155340918 0.1757069991 0.1744566284 0.1873147136 -0.0796783979 0.1119111792 -0.0635708310  
-0.1470982590 0.0978228978 0.1450096910 0.1505089424 0.2060238469 0.2909660777 0.2149195605 0.2284244822 0.2650739741 0.2257154025 0.3104040793 0.2356569350 0.2458571131 0.3280347387 0.2699863008 0.4200034876 0.1851289473 0.2260043474 0.2463037058 -0.1069212324 0.1472710569 -0.0767668695  
-0.1081770562 0.0719883010 0.1120437023 0.1227473525 0.1691188966 0.2448630609 0.1848725831 0.1972119182 0.2250640863 0.1980125361 0.2595866635 0.1968155654 0.2043228997 0.2699863008 0.2252724171 0.3477130610 0.1704439825 0.1891539113 0.2078173518 -0.0854337051 0.1255121540 -0.0514051374  
-0.1473721905 0.0994376502 0.1652220707 0.2025008872 0.2576342556 0.3856364388 0.2818645471 0.3013436668 0.3444598430 0.3003871038 0.3948305107 0.3028721624 0.3155340918 0.4200034876 0.3477130610 0.5426329192 0.2375616707 0.2862330884 0.3191105478 -0.1252011842 0.1999985970 -0.0661663201  
-0.2980177424 -0.0264540935 0.0842592176 0.0054019949 0.1216298192 0.1364798470 0.2585019328 0.3505005780 0.3080649208 0.5212298531 0.1853842876 0.1741703342 0.1757069991 0.1851289473 0.1704439825 0.2375616707 0.8081037262 0.1919367076 0.1520628901 -0.0690548290 0.0968149455 -0.2250145562  
-0.1360756346 0.1492325664 0.1597147673 0.1172319245 0.1703878932 0.2071158155 0.1506742509 0.1661350412 0.1873525520 0.1688880432 0.2222957627 0.1670278505 0.1744566284 0.2260043474 0.1891539113 0.2862330884 0.1919367076 0.1763435517 0.1755508936 -0.0842787062 0.0949918956 -0.1009341971  
-0.0709586034 0.0703148186 0.0994072251 0.1166559522 0.1564855784 0.2331093024 0.1727255712 0.1825627996 0.2069276166 0.1788217298 0.2424426093 0.1813541123 0.1873147136 0.2463037058 0.2078173518 0.3191105478 0.1520628901 0.1755508936 0.1967996518 -0.0747453779 0.1196634595 -0.0268913726  
0.2478809960 -0.0001807173 -0.0328575504 0.0878462041 -0.0532153851 -0.0020175880 -0.0626847439 -0.0460789234 -0.0830437113 -0.0401678324 -0.1370767332 -0.0793379855 -0.0796783979 -0.1069212324 -0.0854337051 -0.1252011842 -0.0690548290 -0.0842787062 -0.0747453779 0.1096084366 -0.0063786732 0.1160182306  
0.0720108279 0.0103455586 0.0410732916 0.1413945084 0.0916753454 0.1945847100 0.1004942558 0.1216480362 0.1233599272 0.1339407729 0.1145831474 0.1059160712 0.1119111792 0.1472710569 0.1255121540 0.1999985970 0.0968149455 0.0949918956 0.1196634595 -0.0063786732 0.1217319187 0.0546145864  
0.4237435252 -0.3302037569 -0.2723787461 0.0168276722 -0.1253661602 0.0296429548 -0.0275753082 -0.0494931764 -0.0560610120 -0.0581711987 -0.0908526456 -0.0554068005 -0.0635708310 -0.0767668695 -0.0514051374 -0.0661663201 -0.2250145562 -0.1009341971 -0.0268913726 0.1160182306 0.0546145864 0.3906362455  
0.6812401787 0.1527538454 0.1886509405 0.4301193497 0.2575921400 0.5178810042 -0.1549175265 -0.0382061751 -0.4055516781 -0.4299860124 -1.9238091628 -0.4041934106 -0.3463111001 -0.8439532907 -0.1974270318 -0.4215466743 -0.6680120913 0.0405316074 0.1334860385 0.4178819702 0.0649135832 -0.1534305432  
0.1527538454 0.0854751034 0.0835426802 0.1049737118 0.0905942902 0.1242005446 -0.0226685024 0.0582040915 -0.0842377749 -0.0054341575 -0.4897913839 -0.0409082259 -0.0010523793 -0.1295065276 0.0221705853 -0.0331618435 0.1312077165 0.0810398267 0.0748919027 0.0526866378 0.0509844031 -0.0984552221  
0.1886509405 0.0835426802 0.1026334728 0.1525783442 0.1257140839 0.1864067212 -0.1178209785 -0.0386194671 -0.1896306568 -0.1880823578 -0.5774482901 0.0380477436 0.0450868916 -0.1304272725 0.0573579235 -0.0165886786 -0.0568537356 0.1187345154 0.1126359776 0.0928992476 0.0893218848 -0.0999147811  
