0.9359994292 0.8904490363 0.1658860595 0.3005331194 -0.0060710589 0.1557302323 0.1313222480 0.1705250371 0.0619394183 -0.1451259942 0.3341367293 0.0606158607 0.0802280071 0.2541746582 0.1075867516 0.2878167013 -0.8508335265 -0.1325301771 0.0091525189 -0.0669542006 -0.1521056719 -0.1709910964  
0.8904490363 4.0649562449 1.8521625549 0.8636112890 0.6279399825 0.4761846802 0.5679270406 0.4738096148 0.4973871640 -0.1808594766 1.3818000008 0.4775743415 0.5359413206 1.0063237304 0.6219200761 1.1845569701 -2.2110302819 0.0366221046 0.3421652646 -0.5391222530 -0.2514426028 -0.9702272627  
0.1658860595 1.8521625549 1.1835977949 0.6753517081 0.5142071115 0.4052807571 0.1817365428 0.1329512011 0.1714515232 -0.0027743873 0.3891115189 0.1624338595 0.1793028113 0.2714031163 0.2009148494 0.3279280171 -0.5461473589 0.1104012290 0.1650899861 -0.0571919862 -0.0560034762 -0.2861721815  
0.3005331194 0.8636112890 0.6753517081 0.6576435805 0.3266355755 0.3773741155 -0.0136318756 -0.0261072147 -0.0236407425 -0.0291447234 -0.0288239456 -0.0150726213 -0.0090143881 -0.0272042816 -0.0127382642 -0.0329663623 -0.0634852619 0.0272524806 0.0177880492 0.1761964744 -0.0183789402 0.0548687466  
-0.0060710589 0.6279399825 0.5142071115 0.3266355755 0.2599670632 0.2130175433 0.0491826575 0.0370910238 0.0511664880 0.0358787295 0.0641326526 0.0446010196 0.0466464228 0.0392573792 0.0503771190 0.0546750657 -0.0395385697 0.0754463677 0.0701451607 0.0457187381 0.0012950948 -0.0523353033  
0.1557302323 0.4761846802 0.4052807571 0.3773741155 0.2130175433 0.2435210415 0.0148997645 0.0198139657 0.0081669622 0.0137553876 -0.0061227373 0.0054410421 0.0074406451 -0.0079045440 0.0083316794 -0.0032300961 -0.0125705402 0.0373141092 0.0334661380 0.1094283035 -0.0031188848 0.0192178806  
0.1313222480 0.5679270406 0.1817365428 -0.0136318756 0.0491826575 0.0148997645 0.1736791577 0.1751020779 0.1520969684 0.0141240919 0.3383886012 0.1310092181 0.1423405064 0.2528363891 0.1692904394 0.3097533253 -0.4495272969 0.0214913595 0.0992276961 -0.1589021335 -0.0456211619 -0.2474750333  
0.1705250371 0.4738096148 0.1329512011 -0.0261072147 0.0370910238 0.0198139657 0.1751020779 0.2021235565 0.1523007434 0.0300456853 0.3192077076 0.1253894311 0.1352471804 0.2395899820 0.1628811394 0.2971645966 -0.4217788221 0.0199926569 0.0990886334 -0.1413370676 -0.0484701498 -0.2351099933  
0.0619394183 0.4973871640 0.1714515232 -0.0236407425 0.0511664880 0.0081669622 0.1520969684 0.1523007434 0.1452799646 0.0222579619 0.3030103351 0.1225156046 0.1323442085 0.2266744577 0.1566062242 0.2795948359 -0.3712101358 0.0313872177 0.0956412400 -0.1464704397 -0.0294286289 -0.2234384412  
-0.1451259942 -0.1808594766 -0.0027743873 -0.0291447234 0.0358787295 0.0137553876 0.0141240919 0.0300456853 0.0222579619 0.0853480901 -0.0528869898 0.0068973079 0.0018488159 -0.0387294126 0.0023379326 -0.0315428966 0.2092827148 0.0547573303 0.0305566710 0.0362775145 0.0321693811 0.0246075907  
0.3341367293 1.3818000008 0.3891115189 -0.0288239456 0.0641326526 -0.0061227373 0.3383886012 0.3192077076 0.3030103351 -0.0528869898 0.7799908671 0.2766974967 0.3064216162 0.5807643346 0.3624584738 0.6950514855 -1.1375170645 -0.0005930624 0.1814684642 -0.3928167752 -0.1122381238 -0.5570468000  
0.0606158607 0.4775743415 0.1624338595 -0.0150726213 0.0446010196 0.0054410421 0.1310092181 0.1253894311 0.1225156046 0.0068973079 0.2766974967 0.1093879077 0.1182095119 0.2067353213 0.1394902067 0.2525850162 -0.3556037433 0.0229956184 0.0819383676 -0.1365452935 -0.0274405799 -0.2023460992  
0.0802280071 0.5359413206 0.1793028113 -0.0090143881 0.0466464228 0.0074406451 0.1423405064 0.1352471804 0.1323442085 0.0018488159 0.3064216162 0.1182095119 0.1300453608 0.2298480072 0.1531538071 0.2802773890 -0.4030903107 0.0208775973 0.0868005790 -0.1491541481 -0.0317764706 -0.2231692076  
0.2541746582 1.0063237304 0.2714031163 -0.0272042816 0.0392573792 -0.0079045440 0.2528363891 0.2395899820 0.2266744577 -0.0387294126 0.5807643346 0.2067353213 0.2298480072 0.4365215591 0.2725237228 0.5232217268 -0.8460188816 -0.0016987193 0.1345747349 -0.2913339240 -0.0804922076 -0.4156832901  
0.1075867516 0.6219200761 0.2009148494 -0.0127382642 0.0503771190 0.0083316794 0.1692904394 0.1628811394 0.1566062242 0.0023379326 0.3624584738 0.1394902067 0.1531538071 0.2725237228 0.1819250017 0.3328574895 -0.4796919068 0.0231269353 0.1025538702 -0.1751631400 -0.0381265325 -0.2625133379  
0.2878167013 1.1845569701 0.3279280171 -0.0329663623 0.0546750657 -0.0032300961 0.3097533253 0.2971645966 0.2795948359 -0.0315428966 0.6950514855 0.2525850162 0.2802773890 0.5232217268 0.3328574895 0.6324288044 -0.9877601868 0.0088433345 0.1700906995 -0.3432048660 -0.0895274527 -0.4983022011  
-0.8508335265 -2.2110302819 -0.5461473589 -0.0634852619 -0.0395385697 -0.0125705402 -0.4495272969 -0.4217788221 -0.3712101358 0.2092827148 -1.1375170645 -0.3556037433 -0.4030903107 -0.8460188816 -0.4796919068 -0.9877601868 1.9607891816 0.1074845500 -0.1947117138 0.5679781989 0.2375471648 0.7850220407  
-0.1325301771 0.0366221046 0.1104012290 0.0272524806 0.0754463677 0.0373141092 0.0214913595 0.0199926569 0.0313872177 0.0547573303 -0.0005930624 0.0229956184 0.0208775973 -0.0016987193 0.0231269353 0.0088433345 0.1074845500 0.0581731003 0.0414312654 0.0137665637 0.0266765816 -0.0094510591  
0.0091525189 0.3421652646 0.1650899861 0.0177880492 0.0701451607 0.0334661380 0.0992276961 0.0990886334 0.0956412400 0.0305566710 0.1814684642 0.0819383676 0.0868005790 0.1345747349 0.1025538702 0.1700906995 -0.1947117138 0.0414312654 0.0762842253 -0.0768427397 -0.0092936421 -0.1336788883  
-0.0669542006 -0.5391222530 -0.0571919862 0.1761964744 0.0457187381 0.1094283035 -0.1589021335 -0.1413370676 -0.1464704397 0.0362775145 -0.3928167752 -0.1365452935 -0.1491541481 -0.2913339240 -0.1751631400 -0.3432048660 0.5679781989 0.0137665637 -0.0768427397 0.2645206836 0.0538010224 0.2891242856  
-0.1521056719 -0.2514426028 -0.0560034762 -0.0183789402 0.0012950948 -0.0031188848 -0.0456211619 -0.0484701498 -0.0294286289 0.0321693811 -0.1122381238 -0.0274405799 -0.0317764706 -0.0804922076 -0.0381265325 -0.0895274527 0.2375471648 0.0266765816 -0.0092936421 0.0538010224 0.0542569076 0.0763268841  
-0.1709910964 -0.9702272627 -0.2861721815 0.0548687466 -0.0523353033 0.0192178806 -0.2474750333 -0.2351099933 -0.2234384412 0.0246075907 -0.5570468000 -0.2023460992 -0.2231692076 -0.4156832901 -0.2625133379 -0.4983022011 0.7850220407 -0.0094510591 -0.1336788883 0.2891242856 0.0763268841 0.4315509425  
1.0389792279 0.1763980075 0.2536117934 0.6539615547 0.3459823939 0.6501546968 -0.0356770613 -0.0045140474 -0.2936810334 -0.4213915075 -0.9731179841 -0.2989961323 -0.1770225404 -0.4675491562 -0.0223563440 -0.1803458608 -1.0497304536 0.1095809217 0.2210409058 0.5169098133 -0.1552512770 0.2148640331  
0.1763980075 0.0468040171 0.0565735347 0.1089082643 0.0660866171 0.1061415336 0.0086749409 0.0229912215 -0.0401115463 -0.0383879314 -0.2373478176 -0.0713543324 -0.0309088406 -0.1041590141 0.0057846755 -0.0348368262 -0.0833061120 0.0418832043 0.0479649271 0.0871084770 -0.0402731207 0.0010742183  
0.2536117934 0.0565735347 0.0797415353 0.1681489460 0.1007440680 0.1712929962 0.0156447838 0.0240964059 -0.0317243617 -0.0606916476 -0.2829843404 -0.0028069974 -0.0002240742 -0.1107662459 0.0213972424 -0.0300889113 -0.1626161446 0.0551753314 0.0735380877 0.1367336968 -0.0397073125 -0.0053920244  
0.6539615547 0.1089082643 0.1681489460 0.4346173033 0.2352336930 0.4426845342 -0.0137729420 -0.0046413363 -0.1437288514 -0.2585650801 -0.5705737189 -0.0492208929 -0.0436475142 -0.2486407345 0.0151329296 -0.0787725595 -0.6789573493 0.0786248843 0.1573873077 0.3466565980 -0.0667791060 0.1063616766  
0.3459823939 0.0660866171 0.1007440680 0.2352336930 0.1363286144 0.2431323629 0.0119205670 0.0157276963 -0.0427540098 -0.1052657535 -0.3279840193 0.0388995630 0.0153309999 -0.1246648881 0.0300880653 -0.0302192734 -0.2915570226 0.0622834673 0.0977046734 0.1917871753 -0.0367364633 0.0111866151  
0.6501546968 0.1061415336 0.1712929962 0.4426845342 0.2431323629 0.4586461311 -0.0040381428 -0.0021417138 -0.1101408815 -0.2459204684 -0.5476541986 0.0453162883 -0.0005263162 -0.2232416389 0.0306710937 -0.0623664004 -0.6765223669 0.0825947655 0.1656504532 0.3577749906 -0.0491999886 0.0792927379  
-0.0356770613 0.0086749409 0.0156447838 -0.0137729420 0.0119205670 -0.0040381428 0.1058653669 0.0745171064 0.1833357699 0.1525594215 0.0932190645 0.2743948619 0.1405597136 0.0838327517 0.0656988343 0.0588250519 0.2427718335 0.0354281750 0.0251327648 0.0072680953 -0.0217149678 -0.1307151339  
-0.0045140474 0.0229912215 0.0240964059 -0.0046413363 0.0157276963 -0.0021417138 0.0745171064 0.0737305391 0.1115287347 0.1219475180 -0.0624155465 0.1164184858 0.0618485128 -0.0045929233 0.0348004680 0.0084599964 0.2345355928 0.0402987740 0.0222738504 0.0104367258 -0.0307281375 -0.1150538020  
-0.2936810334 -0.0401115463 -0.0317243617 -0.1437288514 -0.0427540098 -0.1101408815 0.1833357699 0.1115287347 0.4628372525 0.3566547805 0.4268717551 0.8581007729 0.4110249381 0.2833788791 0.1495144596 0.1420005536 0.5852066171 0.0349306842 0.0073757412 -0.0505730533 0.0761461366 -0.3618508022  
-0.4213915075 -0.0383879314 -0.0606916476 -0.2585650801 -0.1052657535 -0.2459204684 0.1525594215 0.1219475180 0.3566547805 0.3987346168 0.3145493627 0.4503049259 0.2285306360 0.1968012473 0.0813358741 0.0913125902 0.8250967310 0.0238123606 -0.0432237130 -0.1679040693 0.0372554165 -0.3189331965  
-0.9731179841 -0.2373478176 -0.2829843404 -0.5705737189 -0.3279840193 -0.5476541986 0.0932190645 -0.0624155465 0.4268717551 0.3145493627 2.0326083952 0.7287179200 0.4501812363 1.0579230410 0.1742843816 0.5683012982 0.5170373164 -0.1727233490 -0.1917422041 -0.5243619992 0.1679829246 0.0953175606  
-0.2989961323 -0.0713543324 -0.0028069974 -0.0492208929 0.0388995630 0.0453162883 0.2743948619 0.1164184858 0.8581007729 0.4503049259 0.7287179200 2.2668217208 1.0836771061 0.5760619516 0.3943321809 0.2721582149 0.5534101182 0.1131391858 0.1047432104 0.1285246660 0.2760906663 -0.7798945919  
-0.1770225404 -0.0309088406 -0.0002240742 -0.0436475142 0.0153309999 -0.0005263162 0.1405597136 0.0618485128 0.4110249381 0.2285306360 0.4501812363 1.0836771061 0.5655788450 0.3742213786 0.2348896068 0.2098855009 0.3337165674 0.0762233606 0.0586353989 0.0221737601 0.1166713267 -0.3556604121  
-0.4675491562 -0.1041590141 -0.1107662459 -0.2486407345 -0.1246648881 -0.2232416389 0.0838327517 -0.0045929233 0.2833788791 0.1968012473 1.0579230410 0.5760619516 0.3742213786 0.6791539985 0.1762580346 0.4077977763 0.3380680102 -0.0384901508 -0.0540431684 -0.2606594440 0.1020444151 -0.0184524908  
-0.0223563440 0.0057846755 0.0213972424 0.0151329296 0.0300880653 0.0306710937 0.0656988343 0.0348004680 0.1495144596 0.0813358741 0.1742843816 0.3943321809 0.2348896068 0.1762580346 0.1246103623 0.1277615101 0.1243547610 0.0562264253 0.0486982464 0.0196920765 0.0213721531 -0.1144650485  
-0.1803458608 -0.0348368262 -0.0300889113 -0.0787725595 -0.0302192734 -0.0623664004 0.0588250519 0.0084599964 0.1420005536 0.0913125902 0.5683012982 0.2721582149 0.2098855009 0.4077977763 0.1277615101 0.2880817515 0.1362819530 0.0037192900 0.0055150603 -0.1192117610 0.0371416106 0.0341442084  
-1.0497304536 -0.0833061120 -0.1626161446 -0.6789573493 -0.2915570226 -0.6765223669 0.2427718335 0.2345355928 0.5852066171 0.8250967310 0.5170373164 0.5534101182 0.3337165674 0.3380680102 0.1243547610 0.1362819530 2.0062308934 0.0608197264 -0.1433600341 -0.4923749447 0.0630117406 -0.6503221653  
0.1095809217 0.0418832043 0.0551753314 0.0786248843 0.0622834673 0.0825947655 0.0354281750 0.0402987740 0.0349306842 0.0238123606 -0.1727233490 0.1131391858 0.0762233606 -0.0384901508 0.0562264253 0.0037192900 0.0608197264 0.0689991383 0.0585263669 0.0731823656 -0.0232726768 -0.0863789514  
0.2210409058 0.0479649271 0.0735380877 0.1573873077 0.0977046734 0.1656504532 0.0251327648 0.0222738504 0.0073757412 -0.0432237130 -0.1917422041 0.1047432104 0.0586353989 -0.0540431684 0.0486982464 0.0055150603 -0.1433600341 0.0585263669 0.0790956433 0.1329695153 -0.0214761076 -0.0240643244  
0.5169098133 0.0871084770 0.1367336968 0.3466565980 0.1917871753 0.3577749906 0.0072680953 0.0104367258 -0.0505730533 -0.1679040693 -0.5243619992 0.1285246660 0.0221737601 -0.2606594440 0.0196920765 -0.1192117610 -0.4923749447 0.0731823656 0.1329695153 0.3270746252 -0.0376735193 -0.0170755135  
-0.1552512770 -0.0402731207 -0.0397073125 -0.0667791060 -0.0367364633 -0.0491999886 -0.0217149678 -0.0307281375 0.0761461366 0.0372554165 0.1679829246 0.2760906663 0.1166713267 0.1020444151 0.0213721531 0.0371416106 0.0630117406 -0.0232726768 -0.0214761076 -0.0376735193 0.1405305764 -0.0837670242  
0.2148640331 0.0010742183 -0.0053920244 0.1063616766 0.0111866151 0.0792927379 -0.1307151339 -0.1150538020 -0.3618508022 -0.3189331965 0.0953175606 -0.7798945919 -0.3556604121 -0.0184524908 -0.1144650485 0.0341442084 -0.6503221653 -0.0863789514 -0.0240643244 -0.0170755135 -0.0837670242 0.5094587892  
0.4631623255 0.0664149143 0.0404302020 0.1242806916 0.0362001540 0.0727472186 0.4288346155 0.4448054584 0.2290336767 0.0576324955 0.0285784625 -0.0167745509 -0.0079553315 -0.0171304346 -0.0150100152 -0.0446475195 -0.2237081888 -0.0009642164 -0.0035205483 0.0296661299 -0.1104023756 -0.0158955248  
0.0664149143 0.0143605313 0.0071655745 0.0183535829 0.0059927473 0.0108731328 0.0496391882 0.0573182600 0.0227744123 0.0101963011 0.0003632185 -0.0015472245 -0.0008173349 -0.0033933857 -0.0018649820 -0.0068461571 -0.0183581505 0.0006788010 -0.0001451976 0.0052986642 -0.0145672669 -0.0032989227  
0.0404302020 0.0071655745 0.0067438524 0.0175477506 0.0064529742 0.0123273869 0.0223836252 0.0180287848 0.0018894223 -0.0334163706 -0.0003115059 -0.0004230979 0.0017261368 0.0014644793 0.0001198384 -0.0017627585 -0.0376272023 0.0013323371 0.0007317843 0.0034152160 -0.0020941921 0.0044268066  
0.1242806916 0.0183535829 0.0175477506 0.0557098503 0.0192349540 0.0382937927 0.0792993691 0.0593340443 0.0126387023 -0.1111641085 0.0025095617 -0.0024276363 0.0049614346 0.0056673526 0.0002034135 -0.0048136833 -0.1324808742 0.0031553775 0.0019507088 0.0094249849 -0.0071175143 0.0156154276  
0.0362001540 0.0059927473 0.0064529742 0.0192349540 0.0079539958 0.0140842926 0.0150441572 0.0062166280 -0.0056662368 -0.0526728456 -0.0005698485 -0.0001676215 0.0027412975 0.0033184192 0.0008691934 -0.0002104158 -0.0483399518 0.0016150096 0.0011348932 0.0031414089 0.0020179816 0.0077332603  
0.0727472186 0.0108731328 0.0123273869 0.0382937927 0.0140842926 0.0295297949 0.0346767861 0.0153976546 -0.0083488417 -0.1048017242 -0.0000997136 -0.0008260148 0.0050242566 0.0065318022 0.0014866341 -0.0005479309 -0.0996274821 0.0028996711 0.0020205515 0.0058401139 0.0030702063 0.0153527249  
0.4288346155 0.0496391882 0.0223836252 0.0792993691 0.0150441572 0.0346767861 0.5639821901 0.6068890993 0.4037867685 0.3507197760 0.0559400232 -0.0162923784 -0.0181318610 -0.0307961628 -0.0218373108 -0.0539513570 -0.1238059554 -0.0092399442 -0.0099562449 0.0214065131 -0.1404306334 -0.0557750749  
0.4448054584 0.0573182600 0.0180287848 0.0593340443 0.0062166280 0.0153976546 0.6068890993 0.7025739959 0.4673101576 0.5260821945 0.0576974521 -0.0180468098 -0.0265576145 -0.0456604142 -0.0272485999 -0.0651671809 -0.0233379453 -0.0121639741 -0.0129954932 0.0223980109 -0.1671737093 -0.0841590159  
0.2290336767 0.0227744123 0.0018894223 0.0126387023 -0.0056662368 -0.0083488417 0.4037867685 0.4673101576 0.3577072942 0.4368692899 0.0476293353 -0.0073397271 -0.0177561694 -0.0298543020 -0.0176342687 -0.0391602021 0.0265967317 -0.0101959465 -0.0101204402 0.0083979021 -0.1044450614 -0.0656595157  
0.0576324955 0.0101963011 -0.0334163706 -0.1111641085 -0.0526728456 -0.1048017242 0.3507197760 0.5260821945 0.4368692899 0.9375506171 0.0442374599 -0.0052292240 -0.0405393366 -0.0668381562 -0.0274457828 -0.0521779790 0.4350298516 -0.0197647957 -0.0185355047 -0.0039861369 -0.1424514928 -0.1422541392  
0.0285784625 0.0003632185 -0.0003115059 0.0025095617 -0.0005698485 -0.0000997136 0.0559400232 0.0576974521 0.0476293353 0.0442374599 0.0130642318 -0.0007101167 -0.0012275807 -0.0015383243 -0.0018356419 -0.0037352413 -0.0125607658 -0.0015569732 -0.0014066927 0.0003361009 -0.0131668390 -0.0062067313  
-0.0167745509 -0.0015472245 -0.0004230979 -0.0024276363 -0.0001676215 -0.0008260148 -0.0162923784 -0.0180468098 -0.0073397271 -0.0052292240 -0.0007101167 0.0032378370 0.0018611503 0.0019391974 0.0012503899 0.0024071934 0.0043001783 0.0007344673 0.0003758637 -0.0007482675 0.0065083918 0.0013360643  
-0.0079553315 -0.0008173349 0.0017261368 0.0049614346 0.0027412975 0.0050242566 -0.0181318610 -0.0265576145 -0.0177561694 -0.0405393366 -0.0012275807 0.0018611503 0.0035352517 0.0041575191 0.0019126140 0.0034426130 -0.0204036286 0.0013193375 0.0010273302 -0.0000386248 0.0097736705 0.0068195561  
-0.0171304346 -0.0033933857 0.0014644793 0.0056673526 0.0033184192 0.0065318022 -0.0307961628 -0.0456604142 -0.0298543020 -0.0668381562 -0.0015383243 0.0019391974 0.0041575191 0.0072782404 0.0027512939 0.0057024708 -0.0327490447 0.0015729571 0.0014286338 -0.0007710447 0.0147216876 0.0109927691  
-0.0150100152 -0.0018649820 0.0001198384 0.0002034135 0.0008691934 0.0014866341 -0.0218373108 -0.0272485999 -0.0176342687 -0.0274457828 -0.0018356419 0.0012503899 0.0019126140 0.0027512939 0.0018891752 0.0029784826 -0.0069044801 0.0007865521 0.0007411933 -0.0006737973 0.0084261195 0.0046584048  
-0.0446475195 -0.0068461571 -0.0017627585 -0.0048136833 -0.0002104158 -0.0005479309 -0.0539513570 -0.0651671809 -0.0391602021 -0.0521779790 -0.0037352413 0.0024071934 0.0034426130 0.0057024708 0.0029784826 0.0081302006 -0.0059664224 0.0012299701 0.0013067239 -0.0025734642 0.0187195815 0.0090766870  
-0.2237081888 -0.0183581505 -0.0376272023 -0.1324808742 -0.0483399518 -0.0996274821 -0.1238059554 -0.0233379453 0.0265967317 0.4350298516 -0.0125607658 0.0043001783 -0.0204036286 -0.0327490447 -0.0069044801 -0.0059664224 0.4274058369 -0.0082215900 -0.0069575665 -0.0147262152 -0.0210151110 -0.0683626123  
-0.0009642164 0.0006788010 0.0013323371 0.0031553775 0.0016150096 0.0028996711 -0.0092399442 -0.0121639741 -0.0101959465 -0.0197647957 -0.0015569732 0.0007344673 0.0013193375 0.0015729571 0.0007865521 0.0012299701 -0.0082215900 0.0012497781 0.0005140393 0.0004015452 0.0040883393 0.0030750187  
-0.0035205483 -0.0001451976 0.0007317843 0.0019507088 0.0011348932 0.0020205515 -0.0099562449 -0.0129954932 -0.0101204402 -0.0185355047 -0.0014066927 0.0003758637 0.0010273302 0.0014286338 0.0007411933 0.0013067239 -0.0069575665 0.0005140393 0.0007855132 0.0000556674 0.0041478848 0.0029350351  
0.0296661299 0.0052986642 0.0034152160 0.0094249849 0.0031414089 0.0058401139 0.0214065131 0.0223980109 0.0083979021 -0.0039861369 0.0003361009 -0.0007482675 -0.0000386248 -0.0007710447 -0.0006737973 -0.0025734642 -0.0147262152 0.0004015452 0.0000556674 0.0026802417 -0.0058093212 -0.0003917108  
-0.1104023756 -0.0145672669 -0.0020941921 -0.0071175143 0.0020179816 0.0030702063 -0.1404306334 -0.1671737093 -0.1044450614 -0.1424514928 -0.0131668390 0.0065083918 0.0097736705 0.0147216876 0.0084261195 0.0187195815 -0.0210151110 0.0040883393 0.0041478848 -0.0058093212 0.0584088629 0.0259330031  
-0.0158955248 -0.0032989227 0.0044268066 0.0156154276 0.0077332603 0.0153527249 -0.0557750749 -0.0841590159 -0.0656595157 -0.1422541392 -0.0062067313 0.0013360643 0.0068195561 0.0109927691 0.0046584048 0.0090766870 -0.0683626123 0.0030750187 0.0029350351 -0.0003917108 0.0259330031 0.0256009262  
1.7111107331 0.1483286512 0.0240298389 0.5399631355 0.0555695877 0.3851197015 0.7184195299 0.9498787100 -0.0373799637 -0.4332988199 0.0024759672 -0.6215440818 -0.3825763727 -0.2087077398 -0.2654709271 -0.3003661337 -3.7602145488 -0.2796344800 -0.1575670763 0.1075829827 -0.5712915215 0.5421038502  
0.1483286512 0.0484028984 0.0126704768 -0.0094958502 -0.0089964070 -0.0366058280 0.0294580836 0.0525629559 -0.0765282221 -0.0506791461 -0.0256428733 -0.0507170386 -0.0251770829 -0.0487350247 -0.0288118063 -0.0776170383 0.0731897838 -0.0038376046 -0.0249111916 0.0025668395 -0.1327656432 0.0367781518  
0.0240298389 0.0126704768 0.0129359354 0.0064701376 0.0066000758 -0.0030400140 -0.0457917960 -0.0516847415 -0.0784063150 -0.1134091233 -0.0147138310 -0.0101013908 0.0034341405 -0.0035231807 0.0048468198 -0.0052711134 0.0526900025 0.0154467150 0.0054711996 0.0023159326 -0.0143014667 0.0069496446  
0.5399631355 -0.0094958502 0.0064701376 0.3226518549 0.0675154113 0.2988425621 0.2365362815 0.3216285049 0.0859268553 -0.1910886572 0.0232637988 -0.2070911636 -0.1290454672 0.0050123852 -0.0520387114 0.0414417452 -1.9953533482 -0.1049404751 -0.0009481805 0.0543670847 0.0668219233 0.1769390237  
0.0555695877 -0.0089964070 0.0066000758 0.0675154113 0.0223158138 0.0673949656 -0.0018202552 0.0048230590 -0.0084901827 -0.0877383687 0.0005419746 -0.0234468551 -0.0096552108 0.0171234429 0.0070192922 0.0358259650 -0.3336942090 -0.0040028585 0.0154246915 0.0108195757 0.0614948103 0.0180622750  
0.3851197015 -0.0366058280 -0.0030400140 0.2988425621 0.0673949656 0.3014948573 0.2195631396 0.3005262776 0.1735742749 -0.0574139109 0.0335468559 -0.1503096940 -0.1014910806 0.0341758138 -0.0277331522 0.0933465056 -1.8454374182 -0.0942931771 0.0179556563 0.0479852340 0.1738750036 0.1225702027  
0.7184195299 0.0294580836 -0.0457917960 0.2365362815 -0.0018202552 0.2195631396 0.8651565579 1.1126334509 0.7933499524 0.9119946987 0.0906174822 -0.2290983037 -0.2076832640 -0.1027396149 -0.1505381694 -0.1100624667 -2.0798286936 -0.2059329701 -0.0895032385 0.0497837258 -0.0854217865 0.0996936395  
0.9498787100 0.0525629559 -0.0516847415 0.3216285049 0.0048230590 0.3005262776 1.1126334509 1.4810756700 1.0154977998 1.2095965207 0.0945161319 -0.3049949125 -0.2703676764 -0.1377309889 -0.1906445689 -0.1363206842 -2.6772822022 -0.2609640287 -0.1081030311 0.0677021604 -0.0728137747 0.1244207957  
-0.0373799637 -0.0765282221 -0.0784063150 0.0859268553 -0.0084901827 0.1735742749 0.7933499524 1.0154977998 1.2477517758 1.6010354466 0.1343941809 0.0557459144 -0.0668169460 0.0164399838 -0.0333075558 0.1060657133 -1.0672458680 -0.1294288086 -0.0009843529 0.0176320359 0.3803271292 -0.2015406319  
-0.4332988199 -0.0506791461 -0.1134091233 -0.1910886572 -0.0877383687 -0.0574139109 0.9119946987 1.2095965207 1.6010354466 2.5418274580 0.1082014991 0.2299009647 -0.0024538916 -0.0330228023 -0.0290852048 0.0453025827 0.5086553722 -0.1033385560 -0.0257360853 -0.0258669179 0.4009586734 -0.4085035841  
0.0024759672 -0.0256428733 -0.0147138310 0.0232637988 0.0005419746 0.0335468559 0.0906174822 0.0945161319 0.1343941809 0.1082014991 0.0426649786 0.0061898280 -0.0080937814 0.0163045405 -0.0035999555 0.0228345175 -0.2718367102 -0.0238495005 -0.0019065943 0.0020366058 0.0323760782 -0.0070741664  
-0.6215440818 -0.0507170386 -0.0101013908 -0.2070911636 -0.0234468551 -0.1503096940 -0.2290983037 -0.3049949125 0.0557459144 0.2299009647 0.0061898280 0.2433584663 0.1457440823 0.0744795811 0.0974273168 0.1060415217 1.4557471365 0.1029948362 0.0555826442 -0.0402334562 0.2056568667 -0.2189981128  
-0.3825763727 -0.0251770829 0.0034341405 -0.1290454672 -0.0096552108 -0.1014910806 -0.2076832640 -0.2703676764 -0.0668169460 -0.0024538916 -0.0080937814 0.1457440823 0.0994521072 0.0480315969 0.0680879469 0.0637548306 0.9816695301 0.0808637370 0.0398710540 -0.0245535854 0.1103106347 -0.1250121058  
-0.2087077398 -0.0487350247 -0.0035231807 0.0050123852 0.0171234429 0.0341758138 -0.1027396149 -0.1377309889 0.0164399838 -0.0330228023 0.0163045405 0.0744795811 0.0480315969 0.0662251674 0.0509610067 0.1050952441 0.0840923334 0.0285350362 0.0430685948 -0.0043846139 0.1748259597 -0.0567297248  
-0.2654709271 -0.0288118063 0.0048468198 -0.0520387114 0.0070192922 -0.0277331522 -0.1505381694 -0.1906445689 -0.0333075558 -0.0290852048 -0.0035999555 0.0974273168 0.0680879469 0.0509610067 0.0583641889 0.0803548682 0.5005623790 0.0564011000 0.0428014484 -0.0115522558 0.1391162333 -0.0852835719  
-0.3003661337 -0.0776170383 -0.0052711134 0.0414417452 0.0358259650 0.0933465056 -0.1100624667 -0.1363206842 0.1060657133 0.0453025827 0.0228345175 0.1060415217 0.0637548306 0.1050952441 0.0803548682 0.1882668918 -0.0547219703 0.0354284926 0.0763100552 -0.0002608597 0.3310863128 -0.0943545370  
-3.7602145488 0.0731897838 0.0526900025 -1.9953533482 -0.3336942090 -1.8454374182 -2.0798286936 -2.6772822022 -1.0672458680 0.5086553722 -0.2718367102 1.4557471365 0.9816695301 0.0840923334 0.5005623790 -0.0547219703 13.7436251644 0.8746922102 0.1601336858 -0.3403337859 -0.0292337049 -1.2829611542  
-0.2796344800 -0.0038376046 0.0154467150 -0.1049404751 -0.0040028585 -0.0942931771 -0.2059329701 -0.2609640287 -0.1294288086 -0.1033385560 -0.0238495005 0.1029948362 0.0808637370 0.0285350362 0.0564011000 0.0354284926 0.8746922102 0.0821142684 0.0343514478 -0.0177599937 0.0592718098 -0.0938704432  
-0.1575670763 -0.0249111916 0.0054711996 -0.0009481805 0.0154246915 0.0179556563 -0.0895032385 -0.1081030311 -0.0009843529 -0.0257360853 -0.0019065943 0.0555826442 0.0398710540 0.0430685948 0.0428014484 0.0763100552 0.1601336858 0.0343514478 0.0383108179 -0.0021415680 0.1363797397 -0.0536966862  
0.1075829827 0.0025668395 0.0023159326 0.0543670847 0.0108195757 0.0479852340 0.0497837258 0.0677021604 0.0176320359 -0.0258669179 0.0020366058 -0.0402334562 -0.0245535854 -0.0043846139 -0.0115522558 -0.0002608597 -0.3403337859 -0.0177599937 -0.0021415680 0.0112421751 0.0006425040 0.0315370449  
-0.5712915215 -0.1327656432 -0.0143014667 0.0668219233 0.0614948103 0.1738750036 -0.0854217865 -0.0728137747 0.3803271292 0.4009586734 0.0323760782 0.2056568667 0.1103106347 0.1748259597 0.1391162333 0.3310863128 -0.0292337049 0.0592718098 0.1363797397 0.0006425040 0.6867428078 -0.2285994844  
0.5421038502 0.0367781518 0.0069496446 0.1769390237 0.0180622750 0.1225702027 0.0996936395 0.1244207957 -0.2015406319 -0.4085035841 -0.0070741664 -0.2189981128 -0.1250121058 -0.0567297248 -0.0852835719 -0.0943545370 -1.2829611542 -0.0938704432 -0.0536966862 0.0315370449 -0.2285994844 0.2465499831  
0.4520406998 0.2300519190 0.0918532430 0.1321446366 0.0366936873 0.0690687051 0.0118625446 0.1556258126 -0.1290589886 -0.1144736803 -0.1200867329 -0.1260098660 -0.0778539057 -0.0645104317 -0.0573312301 -0.0714756999 -0.6345497316 -0.0383612901 -0.0272861955 0.0237855911 -0.0618067956 0.0748611573  
0.2300519190 0.2278552446 0.1041212122 0.1003596624 0.0619788560 0.0828697043 -0.0147969632 0.1487014141 -0.0754810380 0.0393575889 -0.1284221098 -0.0742753977 -0.0361295453 -0.0451730977 -0.0175714263 -0.0293314162 -0.0081251539 0.0233448365 0.0168733079 0.0165688409 0.1084361579 -0.0677744368  
0.0918532430 0.1041212122 0.0704217348 0.0601517176 0.0482803796 0.0489150010 -0.0359789232 0.0133186617 -0.0614828913 -0.0476914994 -0.0548445596 -0.0271106138 -0.0024470588 -0.0144558630 0.0060742747 -0.0060372916 0.0190974339 0.0395637802 0.0217544499 0.0064575107 0.0380033427 -0.0245626145  
0.1321446366 0.1003596624 0.0601517176 0.1161721313 0.0555969591 0.1210444752 0.0038905205 0.0791029951 -0.0126513159 0.0356379958 -0.0503055645 -0.0289012825 -0.0146430255 -0.0072654996 -0.0014980543 0.0143144574 -0.1574331595 0.0025266797 0.0189491156 0.0263726177 0.0801992896 0.0165359011  
0.0366936873 0.0619788560 0.0482803796 0.0555969591 0.0430664524 0.0603669560 -0.0249972056 0.0095673768 -0.0264793524 -0.0071806219 -0.0326304404 -0.0090407030 0.0048476803 -0.0002654334 0.0122427623 0.0137413823 0.0275566525 0.0302941896 0.0240425435 0.0089714007 0.0613170043 -0.0165093640  
0.0690687051 0.0828697043 0.0489150010 0.1210444752 0.0603669560 0.1535740344 0.0144043123 0.1041040588 0.0314020830 0.1252957089 -0.0460282430 -0.0112442074 -0.0070984171 0.0059552494 0.0078058452 0.0415294281 -0.0628625580 -0.0007368822 0.0298718286 0.0319546636 0.1588223950 -0.0044754293  
0.0118625446 -0.0147969632 -0.0359789232 0.0038905205 -0.0249972056 0.0144043123 0.1023721298 0.1244102308 0.1137256408 0.2026557933 0.0195984372 0.0143148058 -0.0154717943 -0.0100726429 -0.0235349522 -0.0131191369 0.0917542311 -0.0533129215 -0.0231412116 0.0141104916 -0.0047147532 -0.0176226381  
0.1556258126 0.1487014141 0.0133186617 0.0791029951 0.0095673768 0.1041040588 0.1244102308 0.3316702840 0.1190642526 0.3872246744 -0.0880105086 -0.0385633531 -0.0525920765 -0.0392544311 -0.0432527465 -0.0163390539 0.1263561516 -0.0683376819 -0.0133458462 0.0359406054 0.1765581239 -0.0949826170  
-0.1290589886 -0.0754810380 -0.0614828913 -0.0126513159 -0.0264793524 0.0314020830 0.1137256408 0.1190642526 0.1919360216 0.3166922466 0.0507799087 0.0593765282 0.0081696129 0.0127424739 -0.0043766719 0.0222232598 0.3365226654 -0.0481425815 -0.0087391805 0.0155678139 0.0657657818 -0.0531104820  
-0.1144736803 0.0393575889 -0.0476914994 0.0356379958 -0.0071806219 0.1252957089 0.2026557933 0.3872246744 0.3166922466 0.7321475451 -0.0341960115 0.0540105483 -0.0154368221 -0.0134344182 -0.0218320741 0.0276700560 0.7942628192 -0.0762337229 0.0017582524 0.0445385334 0.3066330836 -0.2039167443  
-0.1200867329 -0.1284221098 -0.0548445596 -0.0503055645 -0.0326304404 -0.0460282430 0.0195984372 -0.0880105086 0.0507799087 -0.0341960115 0.0986792028 0.0479719679 0.0243688504 0.0298708964 0.0117475585 0.0160220566 -0.0262535374 -0.0111582896 -0.0105407068 -0.0114506540 -0.1000407370 0.0457869713  
-0.1260098660 -0.0742753977 -0.0271106138 -0.0289012825 -0.0090407030 -0.0112442074 0.0143148058 -0.0385633531 0.0593765282 0.0540105483 0.0479719679 0.0466000442 0.0255664767 0.0202370840 0.0165051540 0.0207053943 0.2008486828 0.0078507404 0.0065653685 -0.0036346440 -0.0014848801 -0.0161962554  
-0.0778539057 -0.0361295453 -0.0024470588 -0.0146430255 0.0048476803 -0.0070984171 -0.0154717943 -0.0525920765 0.0081696129 -0.0154368221 0.0243688504 0.0255664767 0.0222155190 0.0155303270 0.0179454842 0.0167512536 0.1156148014 0.0229417679 0.0121545473 -0.0054535558 0.0005213997 -0.0103267758  
-0.0645104317 -0.0451730977 -0.0144558630 -0.0072654996 -0.0002654334 0.0059552494 -0.0100726429 -0.0392544311 0.0127424739 -0.0134344182 0.0298708964 0.0202370840 0.0155303270 0.0248590472 0.0156733477 0.0305349800 -0.0381026763 0.0042237040 0.0083599845 -0.0039269800 0.0177110539 0.0162313252  
-0.0573312301 -0.0175714263 0.0060742747 -0.0014980543 0.0122427623 0.0078058452 -0.0235349522 -0.0432527465 -0.0043766719 -0.0218320741 0.0117475585 0.0165051540 0.0179454842 0.0156733477 0.0187556584 0.0219152572 0.0631784358 0.0236443530 0.0159159587 -0.0036717817 0.0249658050 -0.0077454086  
-0.0714756999 -0.0293314162 -0.0060372916 0.0143144574 0.0137413823 0.0415294281 -0.0131191369 -0.0163390539 0.0222232598 0.0276700560 0.0160220566 0.0207053943 0.0167512536 0.0305349800 0.0219152572 0.0504978435 -0.0244042397 0.0066878361 0.0195554151 0.0015823754 0.0843287655 0.0054629930  
-0.6345497316 -0.0081251539 0.0190974339 -0.1574331595 0.0275566525 -0.0628625580 0.0917542311 0.1263561516 0.3365226654 0.7942628192 -0.0262535374 0.2008486828 0.1156148014 -0.0381026763 0.0631784358 -0.0244042397 2.9519023718 0.1667334828 0.0812348289 -0.0040842472 0.2951119231 -0.5820430646  
-0.0383612901 0.0233448365 0.0395637802 0.0025266797 0.0302941896 -0.0007368822 -0.0533129215 -0.0683376819 -0.0481425815 -0.0762337229 -0.0111582896 0.0078507404 0.0229417679 0.0042237040 0.0236443530 0.0066878361 0.1667334828 0.0583433987 0.0263142269 -0.0071180024 0.0134283022 -0.0350091693  
-0.0272861955 0.0168733079 0.0217544499 0.0189491156 0.0240425435 0.0298718286 -0.0231412116 -0.0133458462 -0.0087391805 0.0017582524 -0.0105407068 0.0065653685 0.0121545473 0.0083599845 0.0159159587 0.0195554151 0.0812348289 0.0263142269 0.0207094703 0.0018987614 0.0555267146 -0.0209345302  
0.0237855911 0.0165688409 0.0064575107 0.0263726177 0.0089714007 0.0319546636 0.0141104916 0.0359406054 0.0155678139 0.0445385334 -0.0114506540 -0.0036346440 -0.0054535558 -0.0039269800 -0.0036717817 0.0015823754 -0.0040842472 -0.0071180024 0.0018987614 0.0108646254 0.0258368706 -0.0006754941  
-0.0618067956 0.1084361579 0.0380033427 0.0801992896 0.0613170043 0.1588223950 -0.0047147532 0.1765581239 0.0657657818 0.3066330836 -0.1000407370 -0.0014848801 0.0005213997 0.0177110539 0.0249658050 0.0843287655 0.2951119231 0.0134283022 0.0555267146 0.0258368706 0.4043339083 -0.1264270277  
0.0748611573 -0.0677744368 -0.0245626145 0.0165359011 -0.0165093640 -0.0044754293 -0.0176226381 -0.0949826170 -0.0531104820 -0.2039167443 0.0457869713 -0.0161962554 -0.0103267758 0.0162313252 -0.0077454086 0.0054629930 -0.5820430646 -0.0350091693 -0.0209345302 -0.0006754941 -0.1264270277 0.1608113211  
0.7993604891 0.6044316555 0.3897502084 0.2652279361 0.2042576970 0.0298552689 0.0230856386 0.1715739898 -0.3180144401 -0.3107726418 -0.0028505971 -0.1712842032 -0.0349718909 -0.1141114021 -0.0291848030 -0.1965093848 0.3634584148 0.2423633812 0.0433128751 0.0229213785 -0.4362048394 -0.1216591060  
0.6044316555 0.4812815836 0.3065745209 0.2109280309 0.1584321689 0.0283797777 -0.0131570580 0.1115425459 -0.2886157995 -0.2804777645 -0.0225113519 -0.1546694576 -0.0393682854 -0.1004680561 -0.0340984592 -0.1666400109 0.2616222619 0.1796703883 0.0250925330 0.0167446268 -0.3149047590 -0.0861930239  
0.3897502084 0.3065745209 0.2035449444 0.1190477729 0.1091448601 0.0010826067 -0.0241738927 0.0541451073 -0.2094279939 -0.2073147226 -0.0260493909 -0.0962517687 -0.0167455719 -0.0694320988 -0.0147145144 -0.1163308060 0.2939336774 0.1511419463 0.0302537987 0.0104976319 -0.2014192821 -0.0770013474  
0.2652279361 0.2109280309 0.1190477729 0.1686755996 0.0490479818 0.0885646906 -0.0368835071 0.0415984688 -0.1336512737 -0.1174599690 -0.0721734324 -0.1221775692 -0.0743787975 -0.0700683512 -0.0661577402 -0.0868345983 -0.3281311767 -0.0411595489 -0.0462401604 0.0358075933 -0.0426035887 0.0633876350  
0.2042576970 0.1584321689 0.1091448601 0.0490479818 0.0642032059 -0.0110721689 -0.0021238469 0.0336415507 -0.0990621514 -0.0990734976 -0.0004878603 -0.0349714532 0.0052042717 -0.0290751773 0.0053982751 -0.0543545840 0.2495066566 0.1063396194 0.0311995093 0.0020674770 -0.1180487316 -0.0617965194  
0.0298552689 0.0283797777 0.0010826067 0.0885646906 -0.0110721689 0.0842642074 -0.0116125745 0.0174086400 0.0037754312 0.0222892864 -0.0455336633 -0.0523011183 -0.0539724217 -0.0220562933 -0.0474976429 -0.0103976570 -0.4253188696 -0.1135033163 -0.0532905750 0.0267643211 0.0745869198 0.0899766928  
0.0230856386 -0.0131570580 -0.0241738927 -0.0368835071 -0.0021238469 -0.0116125745 0.6097214524 0.5061624153 0.7537085919 0.7997460949 0.5704286005 0.3394394865 0.1928226666 0.2776431469 0.1880970304 0.3309243409 0.1353598908 0.0033458148 0.0952544956 -0.0908435745 -0.4323461278 -0.1961162884  
0.1715739898 0.1115425459 0.0541451073 0.0415984688 0.0336415507 0.0174086400 0.5061624153 0.4685152887 0.5732623954 0.6290367937 0.4577648948 0.2373046453 0.1396423172 0.2023037415 0.1375215725 0.2344463863 0.1227139336 0.0188157280 0.0720807562 -0.0640676062 -0.4097713240 -0.1781906299  
-0.3180144401 -0.2886157995 -0.2094279939 -0.1336512737 -0.0990621514 0.0037754312 0.7537085919 0.5732623954 1.1168279219 1.1835873967 0.6921925028 0.4937085490 0.2413973462 0.3920980912 0.2340852613 0.5032667061 -0.0987913160 -0.1432256790 0.0831948083 -0.1078141232 -0.3013918902 -0.1718356581  
-0.3107726418 -0.2804777645 -0.2073147226 -0.1174599690 -0.0990734976 0.0222892864 0.7997460949 0.6290367937 1.1835873967 1.2916972474 0.7056660122 0.5133940532 0.2463452630 0.4018741319 0.2368038504 0.5203792737 -0.0182365062 -0.1591003690 0.0792742028 -0.1029070095 -0.2841586324 -0.2084808506  
-0.0028505971 -0.0225113519 -0.0260493909 -0.0721734324 -0.0004878603 -0.0455336633 0.5704286005 0.4577648948 0.6921925028 0.7056660122 0.5838804266 0.3355497617 0.2021132820 0.2795604369 0.1979608883 0.3238090735 0.1613418864 0.0374338964 0.1093490040 -0.1071788862 -0.4660879881 -0.1869514567  
-0.1712842032 -0.1546694576 -0.0962517687 -0.1221775692 -0.0349714532 -0.0523011183 0.3394394865 0.2373046453 0.4937085490 0.5133940532 0.3355497617 0.2642955488 0.1495079967 0.1918838840 0.1408395592 0.2352230692 0.2910839000 0.0191504916 0.0785047497 -0.0635199062 -0.1668078273 -0.1421125807  
-0.0349718909 -0.0393682854 -0.0167455719 -0.0743787975 0.0052042717 -0.0539724217 0.1928226666 0.1396423172 0.2413973462 0.2463452630 0.2021132820 0.1495079967 0.1004443042 0.1044201983 0.0937524000 0.1172049234 0.3510042716 0.0763054773 0.0689313800 -0.0425992773 -0.1545690896 -0.1221533062  
-0.1141114021 -0.1004680561 -0.0694320988 -0.0700683512 -0.0290751773 -0.0220562933 0.2776431469 0.2023037415 0.3920980912 0.4018741319 0.2795604369 0.1918838840 0.1044201983 0.1535765661 0.1012998527 0.1884657211 0.0382658080 -0.0174781968 0.0478006250 -0.0518704048 -0.1532973550 -0.0761693948  
-0.0291848030 -0.0340984592 -0.0147145144 -0.0661577402 0.0053982751 -0.0474976429 0.1880970304 0.1375215725 0.2340852613 0.2368038504 0.1979608883 0.1408395592 0.0937524000 0.1012998527 0.0896332776 0.1142471459 0.2920246614 0.0683998407 0.0650577665 -0.0411231363 -0.1530829346 -0.1083777981  
-0.1965093848 -0.1666400109 -0.1163308060 -0.0868345983 -0.0543545840 -0.0103976570 0.3309243409 0.2344463863 0.5032667061 0.5203792737 0.3238090735 0.2352230692 0.1172049234 0.1884657211 0.1142471459 0.2422699870 -0.0670327824 -0.0651245491 0.0428289660 -0.0569702650 -0.1274694571 -0.0642287031  
0.3634584148 0.2616222619 0.2939336774 -0.3281311767 0.2495066566 -0.4253188696 0.1353598908 0.1227139336 -0.0987913160 -0.0182365062 0.1613418864 0.2910839000 0.3510042716 0.0382658080 0.2920246614 -0.0670327824 4.0804115747 0.9394779408 0.3943732453 -0.0829691111 -0.4561787523 -0.9187442203  
0.2423633812 0.1796703883 0.1511419463 -0.0411595489 0.1063396194 -0.1135033163 0.0033458148 0.0188157280 -0.1432256790 -0.1591003690 0.0374338964 0.0191504916 0.0763054773 -0.0174781968 0.0683998407 -0.0651245491 0.9394779408 0.3021978295 0.1165814418 -0.0228633285 -0.2244504700 -0.2078275343  
0.0433128751 0.0250925330 0.0302537987 -0.0462401604 0.0311995093 -0.0532905750 0.0952544956 0.0720807562 0.0831948083 0.0792742028 0.1093490040 0.0785047497 0.0689313800 0.0478006250 0.0650577665 0.0428289660 0.3943732453 0.1165814418 0.0669735406 -0.0260901686 -0.1305143953 -0.1077106963  
0.0229213785 0.0167446268 0.0104976319 0.0358075933 0.0020674770 0.0267643211 -0.0908435745 -0.0640676062 -0.1078141232 -0.1029070095 -0.1071788862 -0.0635199062 -0.0425992773 -0.0518704048 -0.0411231363 -0.0569702650 -0.0829691111 -0.0228633285 -0.0260901686 0.0280126261 0.0897109427 0.0414012971  
-0.4362048394 -0.3149047590 -0.2014192821 -0.0426035887 -0.1180487316 0.0745869198 -0.4323461278 -0.4097713240 -0.3013918902 -0.2841586324 -0.4660879881 -0.1668078273 -0.1545690896 -0.1532973550 -0.1530829346 -0.1274694571 -0.4561787523 -0.2244504700 -0.1305143953 0.0897109427 0.6814135492 0.2323060387  
-0.1216591060 -0.0861930239 -0.0770013474 0.0633876350 -0.0617965194 0.0899766928 -0.1961162884 -0.1781906299 -0.1718356581 -0.2084808506 -0.1869514567 -0.1421125807 -0.1221533062 -0.0761693948 -0.1083777981 -0.0642287031 -0.9187442203 -0.2078275343 -0.1077106963 0.0414012971 0.2323060387 0.2664643949  
3.3077061562 1.3572239669 0.6464177018 1.0373801252 0.2898981607 0.5623917187 0.8567971622 1.3999512897 0.5493431991 1.1060847660 -0.2778787614 -0.0784426550 -0.1569474269 -0.2479327735 -0.1928498558 -0.3354363508 0.3476283049 -0.1373816129 -0.0978943552 0.4445329720 -0.4277341604 0.1127601148  
1.3572239669 0.9313129887 0.5909835041 0.7573112614 0.3506023607 0.5180464113 0.1406387377 0.4281703370 0.0497349602 0.2968690158 -0.1925489676 -0.0572217856 -0.0364286568 -0.0807372585 -0.0267983269 -0.0677257266 0.4035592163 0.0768536764 0.0532257290 0.2374545529 0.0896048250 -0.0148005252  
