0.5112134867 0.2290238895 -0.0513328743 0.1614103427 -0.0916992891 0.1515741005 0.2967162920 0.5749777862 0.2583066965 0.6613672150 -0.2350141943 -0.1852814502 -0.2256770836 -0.0864649633 -0.1616978146 0.0291238385 -1.0621960510 -0.4981255701 -0.1810927428 0.0688890923 0.0378145393 0.1426859661  
0.2290238895 0.1109044486 -0.0170068922 0.0767465439 -0.0370246764 0.0712231965 0.1205887218 0.2481130053 0.1002005159 0.2797196136 -0.1212049761 -0.0891580982 -0.1029952095 -0.0438505075 -0.0727180505 0.0096424049 -0.4678391465 -0.2166060201 -0.0781726640 0.0338505314 0.0235546627 0.0634376870  
-0.0513328743 -0.0170068922 0.0195490930 -0.0178672050 0.0203327594 -0.0218536846 -0.0535800881 -0.0934309344 -0.0596811217 -0.1210660832 0.0032238277 0.0110713959 0.0228361032 -0.0080223973 0.0186661547 -0.0215892319 0.1927489448 0.0883344653 0.0327499415 -0.0002500944 -0.0203553167 -0.0293679756  
0.1614103427 0.0767465439 -0.0178672050 0.0738625585 -0.0291229439 0.0746405369 0.0767034571 0.1935924828 0.0696932250 0.2207313551 -0.1091444756 -0.0729376420 -0.0802269474 -0.0180386454 -0.0544056984 0.0284966174 -0.5708073666 -0.1869196217 -0.0638905962 0.0249108206 0.0639152357 0.0897045098  
-0.0916992891 -0.0370246764 0.0203327594 -0.0291229439 0.0267893252 -0.0310572768 -0.0747129083 -0.1318323488 -0.0752220971 -0.1629023212 0.0210370804 0.0251247086 0.0395545919 0.0015136834 0.0311617865 -0.0198196971 0.2367915075 0.1220261860 0.0457133403 -0.0061659333 -0.0169224631 -0.0350668863  
0.1515741005 0.0712231965 -0.0218536846 0.0746405369 -0.0310572768 0.0806706573 0.0741314142 0.1953583542 0.0724859595 0.2269404565 -0.1049340655 -0.0699744951 -0.0777496870 -0.0091957295 -0.0528537662 0.0382778138 -0.6233197613 -0.1965589593 -0.0666943140 0.0215119815 0.0817588904 0.1019127277  
0.2967162920 0.1205887218 -0.0535800881 0.0767034571 -0.0747129083 0.0741314142 0.2699322213 0.4312822114 0.2603487723 0.5358593622 -0.0522426678 -0.0734223011 -0.1214074010 -0.0258862706 -0.0968340805 0.0324865177 -0.5238775667 -0.3349209651 -0.1280048522 0.0289607933 -0.0092511106 0.0366830206  
0.5749777862 0.2481130053 -0.0934309344 0.1935924828 -0.1318323488 0.1953583542 0.4312822114 0.8115652029 0.4221766816 0.9817493885 -0.2195136705 -0.1912226462 -0.2585835173 -0.0519921577 -0.1909450217 0.0861500099 -1.4741530478 -0.6649237853 -0.2420048943 0.0674861079 0.0971219581 0.1676545134  
0.2583066965 0.1002005159 -0.0596811217 0.0696932250 -0.0752220971 0.0724859595 0.2603487723 0.4221766816 0.2711080183 0.5365825184 -0.0273387199 -0.0565742973 -0.1061466598 -0.0064057889 -0.0869079123 0.0464281367 -0.5424848843 -0.3278084591 -0.1248378043 0.0201097769 0.0104897056 0.0389119698  
0.6613672150 0.2797196136 -0.1210660832 0.2207313551 -0.1629023212 0.2269404565 0.5358593622 0.9817493885 0.5365825184 1.2205605981 -0.2249632732 -0.2085805224 -0.2959458177 -0.0457512230 -0.2219432664 0.1136030967 -1.7160473002 -0.7969096508 -0.2911061927 0.0710410411 0.1206044504 0.1828425331  
-0.2350141943 -0.1212049761 0.0032238277 -0.1091444756 0.0210370804 -0.1049340655 -0.0522426678 -0.2195136705 -0.0273387199 -0.2249632732 0.2332991486 0.1351095882 0.1252704582 0.0590699119 0.0747887895 -0.0144708098 0.7988982757 0.2026221532 0.0623013855 -0.0479242657 -0.0974111674 -0.1245198240  
-0.1852814502 -0.0891580982 0.0110713959 -0.0729376420 0.0251247086 -0.0699744951 -0.0734223011 -0.1912226462 -0.0565742973 -0.2085805224 0.1351095882 0.0896902382 0.0916071895 0.0389362826 0.0593897919 -0.0118563525 0.5272143095 0.1719992769 0.0578175492 -0.0315341051 -0.0475633163 -0.0787913673  
-0.2256770836 -0.1029952095 0.0228361032 -0.0802269474 0.0395545919 -0.0777496870 -0.1214074010 -0.2585835173 -0.1061466598 -0.2959458177 0.1252704582 0.0916071895 0.1063196487 0.0374562900 0.0730586031 -0.0193913649 0.5765233562 0.2281448677 0.0804882755 -0.0323956876 -0.0405699544 -0.0815735233  
-0.0864649633 -0.0438505075 -0.0080223973 -0.0180386454 0.0015136834 -0.0091957295 -0.0258862706 -0.0519921577 -0.0064057889 -0.0457512230 0.0590699119 0.0389362826 0.0374562900 0.0414386578 0.0236644539 0.0250161551 0.0116915878 0.0253243208 0.0087943236 -0.0191010935 0.0281330436 0.0083492645  
-0.1616978146 -0.0727180505 0.0186661547 -0.0544056984 0.0311617865 -0.0528537662 -0.0968340805 -0.1909450217 -0.0869079123 -0.2219432664 0.0747887895 0.0593897919 0.0730586031 0.0236644539 0.0531989540 -0.0146719232 0.3780258725 0.1697163158 0.0615275306 -0.0211040990 -0.0209788233 -0.0530157197  
0.0291238385 0.0096424049 -0.0215892319 0.0284966174 -0.0198196971 0.0382778138 0.0324865177 0.0861500099 0.0464281367 0.1136030967 -0.0144708098 -0.0118563525 -0.0193913649 0.0250161551 -0.0146719232 0.0434864148 -0.3505564064 -0.1024223989 -0.0352305172 -0.0029127078 0.0679514129 0.0629694828  
-1.0621960510 -0.4678391465 0.1927489448 -0.5708073666 0.2367915075 -0.6233197613 -0.5238775667 -1.4741530478 -0.5424848843 -1.7160473002 0.7988982757 0.5272143095 0.5765233562 0.0116915878 0.3780258725 -0.3505564064 5.4264740785 1.4891172565 0.4931167953 -0.1513873047 -0.7077976247 -0.8866573723  
-0.4981255701 -0.2166060201 0.0883344653 -0.1869196217 0.1220261860 -0.1965589593 -0.3349209651 -0.6649237853 -0.3278084591 -0.7969096508 0.2026221532 0.1719992769 0.2281448677 0.0253243208 0.1697163158 -0.1024223989 1.4891172565 0.6376583250 0.2312355925 -0.0499517373 -0.1389726518 -0.2334031947  
-0.1810927428 -0.0781726640 0.0327499415 -0.0638905962 0.0457133403 -0.0666943140 -0.1280048522 -0.2420048943 -0.1248378043 -0.2911061927 0.0623013855 0.0578175492 0.0804882755 0.0087943236 0.0615275306 -0.0352305172 0.4931167953 0.2312355925 0.0857306622 -0.0167298941 -0.0397313258 -0.0771856130  
0.0688890923 0.0338505314 -0.0002500944 0.0249108206 -0.0061659333 0.0215119815 0.0289607933 0.0674861079 0.0201097769 0.0710410411 -0.0479242657 -0.0315341051 -0.0323956876 -0.0191010935 -0.0211040990 -0.0029127078 -0.1513873047 -0.0499517373 -0.0167298941 0.0157429605 0.0022862993 0.0150972958  
0.0378145393 0.0235546627 -0.0203553167 0.0639152357 -0.0169224631 0.0817588904 -0.0092511106 0.0971219581 0.0104897056 0.1206044504 -0.0974111674 -0.0475633163 -0.0405699544 0.0281330436 -0.0209788233 0.0679514129 -0.7077976247 -0.1389726518 -0.0397313258 0.0022862993 0.1766007889 0.1337003662  
0.1426859661 0.0634376870 -0.0293679756 0.0897045098 -0.0350668863 0.1019127277 0.0366830206 0.1676545134 0.0389119698 0.1828425331 -0.1245198240 -0.0787913673 -0.0815735233 0.0083492645 -0.0530157197 0.0629694828 -0.8866573723 -0.2334031947 -0.0771856130 0.0150972958 0.1337003662 0.1907772457  
0.3516347513 0.0829846138 0.0546682270 0.1312521102 0.0343511932 0.0835548862 0.3793691984 0.3651613300 0.2684286795 0.3823393820 -0.6934778552 -0.8127717203 -0.6079738120 -0.6706269880 -0.3487191691 -0.4518002750 -0.2228891585 -0.1494389351 -0.0887642790 0.2097624493 -0.3932558989 -0.0836562176  
0.0829846138 0.0613991958 0.0220427703 0.0335023248 0.0206628107 0.0482225125 0.2530431197 0.3121902193 0.2771592266 0.4579693703 -0.0610857489 -0.1443770229 -0.1181477607 -0.0633975881 -0.0681488566 -0.0241181174 0.3052820811 -0.0476941082 -0.0019132101 -0.0003846880 -0.0016889779 -0.0883449649  
0.0546682270 0.0220427703 0.0151905109 0.0300770394 0.0133959005 0.0282573161 0.0662440646 0.0743990141 0.0531353620 0.0876301953 -0.1156152499 -0.1396503035 -0.1100508097 -0.1117750363 -0.0652500030 -0.0720987359 -0.0230012360 -0.0290927463 -0.0111319021 0.0337801525 -0.0413371809 -0.0139637652  
0.1312521102 0.0335023248 0.0300770394 0.0809042856 0.0344158425 0.0806929971 0.1357566002 0.1326198835 0.1185592268 0.1579272469 -0.3047376847 -0.3367217514 -0.2783642322 -0.2771289883 -0.1702753105 -0.1846098864 -0.2976217589 -0.0849996002 -0.0323074658 0.0786450657 -0.0999547204 -0.0227845668  
0.0343511932 0.0206628107 0.0133959005 0.0344158425 0.0225307458 0.0526010286 0.0943776412 0.1132621111 0.1231386489 0.1821355296 -0.0499235086 -0.0745025937 -0.0802124373 -0.0415100509 -0.0543702656 -0.0215672938 -0.0689906547 -0.0402993101 -0.0016454919 -0.0028768738 0.0234730917 -0.0257195681  
0.0835548862 0.0482225125 0.0282573161 0.0806929971 0.0526010286 0.1356355244 0.2649790039 0.3235732282 0.3557810482 0.5337310364 -0.1142743977 -0.1659642164 -0.1849697624 -0.0702401370 -0.1287303436 -0.0313432569 -0.1663512662 -0.1051363686 -0.0028111737 -0.0278076994 0.0866857695 -0.0812054593  
0.3793691984 0.2530431197 0.0662440646 0.1357566002 0.0943776412 0.2649790039 1.9357422583 2.1356461269 2.4433923918 3.4329775701 0.7492412968 0.0572900161 -0.1775017306 0.4077849899 -0.1404985831 0.3387325776 1.5471571052 -0.3022870452 0.0203994060 -0.3255002874 -0.0878729555 -0.7405336814  
0.3651613300 0.3121902193 0.0743990141 0.1326198835 0.1132621111 0.3235732282 2.1356461269 2.4925994563 2.7228835999 4.0208164538 0.8006230410 0.0953244511 -0.1423893432 0.5552353476 -0.1241470922 0.4694003495 2.0794117714 -0.3206851249 0.0540047400 -0.4258967308 0.1658548545 -0.8308915388  
0.2684286795 0.2771592266 0.0531353620 0.1185592268 0.1231386489 0.3557810482 2.4433923918 2.7228835999 3.3117260115 4.5855332076 1.6127975187 0.7427789302 0.2041394919 1.1118049194 0.0485169880 0.8326022105 2.0428920215 -0.3421305627 0.0950983379 -0.6318762989 0.1968634439 -0.9984282372  
0.3823393820 0.4579693703 0.0876301953 0.1579272469 0.1821355296 0.5337310364 3.4329775701 4.0208164538 4.5855332076 6.7128169215 1.8769497518 0.7705984973 0.1696800369 1.4441959718 0.0106132958 1.1281699571 3.4819892609 -0.4776288641 0.1505992448 -0.8918676999 0.5675893253 -1.4086069918  
-0.6934778552 -0.0610857489 -0.1156152499 -0.3047376847 -0.0499235086 -0.1142743977 0.7492412968 0.8006230410 1.6127975187 1.8769497518 3.6220167139 3.0616122161 2.0095929132 2.7336772648 1.1228582472 1.8504479911 1.9410740295 0.2398573306 0.2850721618 -0.9802153693 0.6492876429 -0.4484441277  
-0.8127717203 -0.1443770229 -0.1396503035 -0.3367217514 -0.0745025937 -0.1659642164 0.0572900161 0.0953244511 0.7427789302 0.7705984973 3.0616122161 2.9226967575 2.0072261068 2.5300671628 1.1245039953 1.6965686474 1.3643797519 0.3180234382 0.2755532669 -0.8864022566 0.8147371625 -0.2372565212  
-0.6079738120 -0.1181477607 -0.1100508097 -0.2783642322 -0.0802124373 -0.1849697624 -0.1775017306 -0.1423893432 0.2041394919 0.1696800369 2.0095929132 2.0072261068 1.4482602057 1.7194155433 0.8260519184 1.1496579591 1.0701521591 0.2830829465 0.1912867554 -0.5844133663 0.5835460411 -0.0887337963  
-0.6706269880 -0.0633975881 -0.1117750363 -0.2771289883 -0.0415100509 -0.0702401370 0.4077849899 0.5552353476 1.1118049194 1.4441959718 2.7336772648 2.5300671628 1.7194155433 2.3327206608 0.9567048745 1.5921131954 1.6059738183 0.2170166758 0.2603825675 -0.8877817924 0.8824358446 -0.3346173799  
-0.3487191691 -0.0681488566 -0.0652500030 -0.1702753105 -0.0543702656 -0.1287303436 -0.1404985831 -0.1241470922 0.0485169880 0.0106132958 1.1228582472 1.1245039953 0.8260519184 0.9567048745 0.4819434658 0.6431043904 0.6729616737 0.1776547945 0.1080423927 -0.3103639206 0.3191109670 -0.0341380415  
-0.4518002750 -0.0241181174 -0.0720987359 -0.1846098864 -0.0215672938 -0.0313432569 0.3387325776 0.4694003495 0.8326022105 1.1281699571 1.8504479911 1.6965686474 1.1496579591 1.5921131954 0.6431043904 1.1066089562 1.2318986058 0.1373260600 0.1845668392 -0.6042054395 0.6631799325 -0.2526913380  
-0.2228891585 0.3052820811 -0.0230012360 -0.2976217589 -0.0689906547 -0.1663512662 1.5471571052 2.0794117714 2.0428920215 3.4819892609 1.9410740295 1.3643797519 1.0701521591 1.6059738183 0.6729616737 1.2318986058 5.6497440200 0.1828743475 0.2268576302 -0.6111059911 0.6911595293 -0.8717724368  
-0.1494389351 -0.0476941082 -0.0290927463 -0.0849996002 -0.0402993101 -0.1051363686 -0.3022870452 -0.3206851249 -0.3421305627 -0.4776288641 0.2398573306 0.3180234382 0.2830829465 0.2170166758 0.1776547945 0.1373260600 0.1828743475 0.1154245371 0.0281721472 -0.0318667343 0.0681574404 0.0861643746  
-0.0887642790 -0.0019132101 -0.0111319021 -0.0323074658 -0.0016454919 -0.0028111737 0.0203994060 0.0540047400 0.0950983379 0.1505992448 0.2850721618 0.2755532669 0.1912867554 0.2603825675 0.1080423927 0.1845668392 0.2268576302 0.0281721472 0.0353284908 -0.0957774848 0.1476084363 -0.0287499565  
0.2097624493 -0.0003846880 0.0337801525 0.0786450657 -0.0028768738 -0.0278076994 -0.3255002874 -0.4258967308 -0.6318762989 -0.8918676999 -0.9802153693 -0.8864022566 -0.5844133663 -0.8877817924 -0.3103639206 -0.6042054395 -0.6111059911 -0.0318667343 -0.0957774848 0.4445098607 -0.3765882405 0.1658256465  
-0.3932558989 -0.0016889779 -0.0413371809 -0.0999547204 0.0234730917 0.0866857695 -0.0878729555 0.1658548545 0.1968634439 0.5675893253 0.6492876429 0.8147371625 0.5835460411 0.8824358446 0.3191109670 0.6631799325 0.6911595293 0.0681574404 0.1476084363 -0.3765882405 0.9927335441 -0.0380969947  
-0.0836562176 -0.0883449649 -0.0139637652 -0.0227845668 -0.0257195681 -0.0812054593 -0.7405336814 -0.8308915388 -0.9984282372 -1.4086069918 -0.4484441277 -0.2372565212 -0.0887337963 -0.3346173799 -0.0341380415 -0.2526913380 -0.8717724368 0.0861643746 -0.0287499565 0.1658256465 -0.0380969947 0.3797663760  
13.8425469266 12.6914507565 8.3261100223 8.2148177183 4.5097969347 5.5504190697 0.6824254963 3.1509384009 -1.2540413831 -0.7799679980 -3.7925719375 -1.8412623784 -1.5822835344 -2.3230484687 -1.3148385112 -2.1678307473 -6.2820633579 0.0553973450 -0.0421134972 1.5119219102 -0.6350807491 -1.3477048994  
12.6914507565 13.5465844503 9.0029731057 8.1809048342 4.8428549198 5.5707985350 -0.0413665314 2.0659384822 -1.8547845190 -2.1985064931 -3.1828343671 -1.6374050091 -1.3058051117 -1.7941346419 -0.9681939710 -1.6169925480 -8.4163324922 0.3611668215 0.2260742990 1.2785974746 -0.3301721771 -1.4793837828  
8.3261100223 9.0029731057 6.2813385816 5.6447813480 3.4638546512 3.7973857540 -0.3368957777 0.8584237051 -1.5719143351 -2.0888380781 -2.2088180769 -1.1612653062 -0.9042483434 -1.3237081901 -0.6956758392 -1.2797962726 -5.7344476166 0.4741599691 0.1736728886 1.0106276726 -0.4083951301 -0.9300534607  
8.2148177183 8.1809048342 5.6447813480 5.4683539399 3.1585280465 3.7685699831 0.0510444646 1.4416379935 -1.0943523487 -1.0546986820 -2.3402845977 -1.1436604267 -0.9466499226 -1.4026416126 -0.7664308957 -1.3109072199 -4.4532467435 0.2399967952 0.0738533591 1.0682682246 -0.2761345365 -0.9147652656  
4.5097969347 4.8428549198 3.4638546512 3.1585280465 1.9912832133 2.1769589327 -0.2108092853 0.4507142877 -0.8831615390 -1.1392683977 -1.2552084313 -0.6388919059 -0.4918784745 -0.7546071857 -0.3787241098 -0.7359157109 -3.0205606530 0.3569283786 0.1419376364 0.5775930373 -0.2131268986 -0.5470897999  
5.5504190697 5.5707985350 3.7973857540 3.7685699831 2.1769589327 2.7266845220 0.1449200672 1.2407693976 -0.5862470297 -0.3307784790 -1.6356996272 -0.7385308780 -0.6198572107 -0.9050820600 -0.4844396326 -0.7898374243 -2.8047040953 0.1284465694 0.1008525537 0.6737823796 0.0198191713 -0.7499550876  
0.6824254963 -0.0413665314 -0.3368957777 0.0510444646 -0.2108092853 0.1449200672 0.9808958597 1.5113249622 1.0313625570 2.0321301180 -0.0428446407 0.1047464716 0.0039745161 0.0090535064 -0.0052023405 0.1398889245 1.8784057610 -0.3121641151 -0.0390668888 0.0255319851 0.1352968043 -0.4387073672  
3.1509384009 2.0659384822 0.8584237051 1.4416379935 0.4507142877 1.2407693976 1.5113249622 2.8665192360 1.3133671517 3.0538746990 -0.8357504027 -0.1697812164 -0.2679577872 -0.3384708844 -0.2116517013 -0.0592348728 1.6833051519 -0.5073195706 -0.0421436846 0.1933104810 0.3845963162 -0.9692816484  
-1.2540413831 -1.8547845190 -1.5719143351 -1.0943523487 -0.8831615390 -0.5862470297 1.0313625570 1.3133671517 1.4326783316 2.5846446971 0.4977541053 0.4217290236 0.2530647411 0.3636093411 0.1984319574 0.5036804426 3.3281992523 -0.3782485550 -0.0300310050 -0.1859609979 0.3322804813 -0.3652857420  
-0.7799679980 -2.1985064931 -2.0888380781 -1.0546986820 -1.1392683977 -0.3307784790 2.0321301180 3.0538746990 2.5846446971 5.1935353215 0.0905112449 0.4753484076 0.1910802935 0.2726234380 0.1272166608 0.6058985123 6.2536527941 -0.7824232220 -0.1047688942 -0.1803632617 0.7930394957 -0.9844917998  
-3.7925719375 -3.1828343671 -2.2088180769 -2.3402845977 -1.2552084313 -1.6356996272 -0.0428446407 -0.8357504027 0.4977541053 0.0905112449 1.7586976696 0.7591287649 0.6666766736 1.0162662155 0.5899891870 0.9494973061 0.8607283740 0.0553956422 0.1300713154 -0.5601046340 0.0589080994 0.4163305525  
-1.8412623784 -1.6374050091 -1.1612653062 -1.1436604267 -0.6388919059 -0.7385308780 0.1047464716 -0.1697812164 0.4217290236 0.4753484076 0.7591287649 0.4170441471 0.3450969442 0.4944237735 0.2971903512 0.4892131186 1.1977003856 -0.0007152079 0.0736625546 -0.2836375245 0.1352947429 0.0561908577  
-1.5822835344 -1.3058051117 -0.9042483434 -0.9466499226 -0.4918784745 -0.6198572107 0.0039745161 -0.2679577872 0.2530647411 0.1910802935 0.6666766736 0.3450969442 0.3044883704 0.4414899630 0.2716669540 0.4318701135 0.7338674306 0.0535598866 0.0868078356 -0.2562934688 0.1054267897 0.0751313557  
-2.3230484687 -1.7941346419 -1.3237081901 -1.4026416126 -0.7546071857 -0.9050820600 0.0090535064 -0.3384708844 0.3636093411 0.2726234380 1.0162662155 0.4944237735 0.4414899630 0.7243396450 0.4184985085 0.7424965313 0.5541653330 -0.0206040760 0.1151960387 -0.4463761524 0.2547919177 0.1511420618  
-1.3148385112 -0.9681939710 -0.6956758392 -0.7664308957 -0.3787241098 -0.4844396326 -0.0052023405 -0.2116517013 0.1984319574 0.1272166608 0.5899891870 0.2971903512 0.2716669540 0.4184985085 0.2612596529 0.4297828550 0.3863131630 0.0538649019 0.1022620562 -0.2477741396 0.1370983159 0.0465447389  
-2.1678307473 -1.6169925480 -1.2797962726 -1.3109072199 -0.7359157109 -0.7898374243 0.1398889245 -0.0592348728 0.5036804426 0.6058985123 0.9494973061 0.4892131186 0.4318701135 0.7424965313 0.4297828550 0.8204339206 0.6598871601 -0.0920019737 0.1263771571 -0.4632584909 0.3951936577 0.0431922809  
-6.2820633579 -8.4163324922 -5.7344476166 -4.4532467435 -3.0205606530 -2.8047040953 1.8784057610 1.6833051519 3.3281992523 6.2536527941 0.8607283740 1.1977003856 0.7338674306 0.5541653330 0.3863131630 0.6598871601 14.9116997554 -0.4028499513 -0.2225037787 -0.3243054641 0.5446890102 -0.8871595600  
0.0553973450 0.3611668215 0.4741599691 0.2399967952 0.3569283786 0.1284465694 -0.3121641151 -0.5073195706 -0.3782485550 -0.7824232220 0.0553956422 -0.0007152079 0.0535598866 -0.0206040760 0.0538649019 -0.0920019737 -0.4028499513 0.3982325227 0.1459000901 0.0577770720 -0.1914664509 -0.0373728362  
-0.0421134972 0.2260742990 0.1736728886 0.0738533591 0.1419376364 0.1008525537 -0.0390668888 -0.0421436846 -0.0300310050 -0.1047688942 0.1300713154 0.0736625546 0.0868078356 0.1151960387 0.1022620562 0.1263771571 -0.2225037787 0.1459000901 0.1199705942 -0.0588579245 0.0493214937 -0.0976106306  
1.5119219102 1.2785974746 1.0106276726 1.0682682246 0.5775930373 0.6737823796 0.0255319851 0.1933104810 -0.1859609979 -0.1803632617 -0.5601046340 -0.2836375245 -0.2562934688 -0.4463761524 -0.2477741396 -0.4632584909 -0.3243054641 0.0577770720 -0.0588579245 0.4851781753 -0.2453295555 -0.1488365640  
-0.6350807491 -0.3301721771 -0.4083951301 -0.2761345365 -0.2131268986 0.0198191713 0.1352968043 0.3845963162 0.3322804813 0.7930394957 0.0589080994 0.1352947429 0.1054267897 0.2547919177 0.1370983159 0.3951936577 0.5446890102 -0.1914664509 0.0493214937 -0.2453295555 0.6554309592 -0.1835038438  
-1.3477048994 -1.4793837828 -0.9300534607 -0.9147652656 -0.5470897999 -0.7499550876 -0.4387073672 -0.9692816484 -0.3652857420 -0.9844917998 0.4163305525 0.0561908577 0.0751313557 0.1511420618 0.0465447389 0.0431922809 -0.8871595600 -0.0373728362 -0.0976106306 -0.1488365640 -0.1835038438 0.7667065255  
0.5296012573 0.1669845534 0.0750400754 0.1109226749 -0.0176531934 -0.0271441083 0.4563990718 0.4276282505 0.3121943673 0.3775758632 -0.0761449879 -0.1609066132 -0.1832903794 -0.2746206561 -0.1935128873 -0.3447247615 -0.0244224292 -0.1375350438 -0.1310653395 0.1130022518 -0.6292103123 -0.1004096336  
0.1669845534 0.0750672228 0.0384274522 0.0522876259 0.0061673956 0.0152642056 0.1148374357 0.1322324667 0.0661232616 0.1171175461 -0.0878926125 -0.0869173715 -0.0808411172 -0.1073789546 -0.0746269084 -0.1141232635 0.0519707386 -0.0565337165 -0.0451163318 0.0331720949 -0.1378308897 -0.0445095087  
0.0750400754 0.0384274522 0.0287983086 0.0307207170 0.0132776111 0.0141978510 0.0179926731 0.0352912587 -0.0100812138 0.0136049678 -0.0915593641 -0.0547586099 -0.0364127717 -0.0593802863 -0.0287315717 -0.0581448612 0.0376988812 0.0044351727 -0.0068035844 0.0186129654 -0.0404491711 -0.0319970929  
0.1109226749 0.0522876259 0.0307207170 0.0673391760 0.0163975622 0.0611019045 0.0489372980 0.0813615570 0.0430488805 0.0957600520 -0.1063727779 -0.0570952254 -0.0685599260 -0.0779044934 -0.0653692129 -0.0641851115 -0.0342464524 -0.0865186083 -0.0429085161 0.0356197757 0.0056521448 -0.0087826134  
-0.0176531934 0.0061673956 0.0132776111 0.0163975622 0.0183963252 0.0288801084 -0.0661249478 -0.0416895654 -0.0619939961 -0.0486179930 -0.0827382601 -0.0226031683 -0.0049989328 -0.0096157439 0.0033779614 0.0064809767 0.0073352635 0.0188034636 0.0142020997 0.0015364247 0.0886193526 -0.0060996739  
-0.0271441083 0.0152642056 0.0141978510 0.0611019045 0.0288801084 0.1143553291 -0.0905633911 -0.0234689879 -0.0323613591 0.0417151757 -0.1423871970 -0.0163996983 -0.0338625019 -0.0091328233 -0.0294899447 0.0438109659 0.0120219443 -0.1037688616 -0.0254358839 0.0074402982 0.2860713473 0.0151924944  
0.4563990718 0.1148374357 0.0179926731 0.0489372980 -0.0661249478 -0.0905633911 0.6100155342 0.4994104626 0.5068854030 0.5205812789 0.2620903542 -0.0201962457 -0.1268680178 -0.1765215731 -0.1712981700 -0.2789734024 0.0458662382 -0.2102842088 -0.1631348577 0.0961426698 -0.7376552275 -0.0581275957  
0.4276282505 0.1322324667 0.0352912587 0.0813615570 -0.0416895654 -0.0234689879 0.4994104626 0.4622368516 0.4275504678 0.5113281613 0.0973068085 -0.0566495913 -0.1448180492 -0.1862962558 -0.1780321005 -0.2493533687 0.1517806500 -0.2339688641 -0.1616936260 0.0873967392 -0.5308051224 -0.0866752942  
0.3121943673 0.0661232616 -0.0100812138 0.0430488805 -0.0619939961 -0.0323613591 0.5068854030 0.4275504678 0.5205793716 0.5619830808 0.2789353351 0.0948492532 -0.0621471598 -0.0741820787 -0.1270858609 -0.1404712913 0.2049624903 -0.2627234838 -0.1598045428 0.0800568679 -0.4557999541 -0.0561337489  
0.3775758632 0.1171175461 0.0136049678 0.0957600520 -0.0486179930 0.0417151757 0.5205812789 0.5113281613 0.5619830808 0.7447341116 0.1015857349 0.0641299091 -0.1057552159 -0.1212567665 -0.1731589503 -0.1471937146 0.5677920901 -0.3622004184 -0.2036017526 0.0882547641 -0.2968472346 -0.1454896046  
-0.0761449879 -0.0878926125 -0.0915593641 -0.1063727779 -0.0827382601 -0.1423871970 0.2620903542 0.0973068085 0.2789353351 0.1015857349 0.6584003552 0.1862639965 0.0693791110 0.1398401188 0.0224442368 0.0387877868 -0.4161918081 -0.0799636135 -0.0451331281 -0.0166066947 -0.4173901789 0.1600692089  
-0.1609066132 -0.0869173715 -0.0547586099 -0.0570952254 -0.0226031683 -0.0163996983 -0.0201962457 -0.0566495913 0.0948492532 0.0641299091 0.1862639965 0.2197823585 0.1365339013 0.1621878935 0.0896486120 0.1590007089 0.2251621649 0.0022734113 0.0181760194 -0.0139638421 0.1179547583 -0.0139735014  
-0.1832903794 -0.0808411172 -0.0364127717 -0.0685599260 -0.0049989328 -0.0338625019 -0.1268680178 -0.1448180492 -0.0621471598 -0.1057552159 0.0693791110 0.1365339013 0.1314681130 0.1369022423 0.1113183646 0.1392477432 0.1804003214 0.1146183404 0.0672986551 -0.0333339921 0.1369659513 -0.0240977047  
-0.2746206561 -0.1073789546 -0.0593802863 -0.0779044934 -0.0096157439 -0.0091328233 -0.1765215731 -0.1862962558 -0.0741820787 -0.1212567665 0.1398401188 0.1621878935 0.1369022423 0.1951975613 0.1188367559 0.2111345386 0.0325846587 0.0521990814 0.0564614406 -0.0585971053 0.2608263424 0.0445577750  
-0.1935128873 -0.0746269084 -0.0287315717 -0.0653692129 0.0033779614 -0.0294899447 -0.1712981700 -0.1780321005 -0.1270858609 -0.1731589503 0.0224442368 0.0896486120 0.1113183646 0.1188367559 0.1097096037 0.1304212816 0.1069447366 0.1366536610 0.0801499461 -0.0410194851 0.1685202840 -0.0069844641  
-0.3447247615 -0.1141232635 -0.0581448612 -0.0641851115 0.0064809767 0.0438109659 -0.2789734024 -0.2493533687 -0.1404712913 -0.1471937146 0.0387877868 0.1590007089 0.1392477432 0.2111345386 0.1304212816 0.2769568923 0.1464832498 0.0304247051 0.0651538814 -0.0725486760 0.5095479022 0.0466901187  
-0.0244224292 0.0519707386 0.0376988812 -0.0342464524 0.0073352635 0.0120219443 0.0458662382 0.1517806500 0.2049624903 0.5677920901 -0.4161918081 0.2251621649 0.1804003214 0.0325846587 0.1069447366 0.1464832498 3.1543954310 0.0891323908 0.0187279432 -0.0207150804 0.6134955537 -0.6688723101  
-0.1375350438 -0.0565337165 0.0044351727 -0.0865186083 0.0188034636 -0.1037688616 -0.2102842088 -0.2339688641 -0.2627234838 -0.3622004184 -0.0799636135 0.0022734113 0.1146183404 0.0521990814 0.1366536610 0.0304247051 0.0891323908 0.3506509566 0.1544674254 -0.0330741003 -0.0387957130 -0.0657411448  
-0.1310653395 -0.0451163318 -0.0068035844 -0.0429085161 0.0142020997 -0.0254358839 -0.1631348577 -0.1616936260 -0.1598045428 -0.2036017526 -0.0451331281 0.0181760194 0.0672986551 0.0564614406 0.0801499461 0.0651538814 0.0187279432 0.1544674254 0.0821816636 -0.0267619190 0.1072250884 -0.0064062056  
0.1130022518 0.0331720949 0.0186129654 0.0356197757 0.0015364247 0.0074402982 0.0961426698 0.0873967392 0.0800568679 0.0882547641 -0.0166066947 -0.0139638421 -0.0333339921 -0.0585971053 -0.0410194851 -0.0725486760 -0.0207150804 -0.0330741003 -0.0267619190 0.0453317864 -0.1349759248 -0.0161056801  
-0.6292103123 -0.1378308897 -0.0404491711 0.0056521448 0.0886193526 0.2860713473 -0.7376552275 -0.5308051224 -0.4557999541 -0.2968472346 -0.4173901789 0.1179547583 0.1369659513 0.2608263424 0.1685202840 0.5095479022 0.6134955537 -0.0387957130 0.1072250884 -0.1349759248 1.6096099950 0.0362384179  
-0.1004096336 -0.0445095087 -0.0319970929 -0.0087826134 -0.0060996739 0.0151924944 -0.0581275957 -0.0866752942 -0.0561337489 -0.1454896046 0.1600692089 -0.0139735014 -0.0240977047 0.0445577750 -0.0069844641 0.0466901187 -0.6688723101 -0.0657411448 -0.0064062056 -0.0161056801 0.0362384179 0.2175201021  
12.4108966633 3.6360941767 1.7883032208 3.6231243284 0.9337967664 1.9821585220 1.9064510389 8.6629941073 -3.2184018249 0.2600327084 -5.1397815732 -2.5970226023 -1.7491828583 -2.8734578659 -1.4504092186 -2.7372470287 -4.7754248510 -0.6059365266 -0.5207345880 1.7423442297 -2.2441807775 -0.3310202325  
3.6360941767 1.1833057605 0.5694445240 1.0841745337 0.3015651310 0.6141508790 0.0141535307 2.2826677395 -1.3498124983 0.2285027328 -1.7599415061 -0.7518054853 -0.5148058966 -0.9223345866 -0.4436681192 -0.8604928164 -0.6546317180 -0.1593375456 -0.1499271894 0.5152933932 -0.5594783720 -0.1400121108  
1.7883032208 0.5694445240 0.3099692652 0.5907821092 0.1933000371 0.3699357410 0.1138224762 1.0882431902 -0.5657345374 -0.0590734253 -0.7786448247 -0.3374720111 -0.2099747175 -0.3835141790 -0.1741819157 -0.3530114836 -0.5804303097 -0.0409525813 -0.0332522186 0.2638542245 -0.2203388242 -0.0212032560  
3.6231243284 1.0841745337 0.5907821092 1.1768266426 0.3628637570 0.7191340599 0.4707509970 2.3154448754 -1.0017075037 -0.2720477135 -1.4812427594 -0.7134353613 -0.4430232427 -0.7488654290 -0.3571469637 -0.6983713780 -1.6527563912 -0.1093379204 -0.0819550115 0.5290710069 -0.4841978009 -0.0022404424  
0.9337967664 0.3015651310 0.1933000371 0.3628637570 0.1537689140 0.2685233069 0.0884106263 0.5443068827 -0.1966780847 -0.0045467781 -0.3464181858 -0.1259912045 -0.0602808290 -0.1496059797 -0.0522745051 -0.1344166312 -0.3685437408 0.0219440988 0.0234904944 0.1410648206 -0.0588579355 0.0052190959  
1.9821585220 0.6141508790 0.3699357410 0.7191340599 0.2685233069 0.4989770592 0.1909385182 1.1842562807 -0.5157079267 -0.1570964597 -0.7870485997 -0.3333369776 -0.1831111602 -0.3534972487 -0.1483982943 -0.3210361489 -0.9460330304 -0.0044676513 0.0074959673 0.2932761398 -0.1490994888 0.0259035885  
1.9064510389 0.0141535307 0.1138224762 0.4707509970 0.0884106263 0.1909385182 5.1036810574 3.9928259907 3.8949898369 1.1278648268 1.3139744730 -0.1309494497 -0.0792676616 0.1209206294 -0.0172585258 -0.0017181020 -4.1980266672 -0.0689535650 -0.0012877568 0.2861389905 -0.9675414833 -0.3680560631  
8.6629941073 2.2826677395 1.0882431902 2.3154448754 0.5443068827 1.1842562807 3.9928259907 9.2388622207 0.8674497261 3.8239056697 -2.7206412079 -1.6922221666 -1.2010213827 -1.9654405935 -1.0117414605 -1.9096995169 -4.3090492106 -0.4652401872 -0.3920805104 1.2073194122 -2.0016353908 -0.7845523910  
-3.2184018249 -1.3498124983 -0.5657345374 -1.0017075037 -0.1966780847 -0.5157079267 3.8949898369 0.8674497261 5.8647391795 3.3800107379 3.3236849671 1.1847948447 0.7586598467 1.2071420262 0.5868807447 1.0309795950 -0.7489659818 0.2740420739 0.2585148771 -0.4132379797 0.0201812310 -0.5346126524  
0.2600327084 0.2285027328 -0.0590734253 -0.2720477135 -0.0045467781 -0.1570964597 1.1278648268 3.8239056697 3.3800107379 9.4652261756 -0.1196857442 0.3429481629 -0.0088296357 -0.7896942554 -0.2974726802 -0.8266190644 4.4090067325 0.0042658848 -0.1285794479 0.0420332225 -1.0126999961 -1.4539184577  
-5.1397815732 -1.7599415061 -0.7786448247 -1.4812427594 -0.3464181858 -0.7870485997 1.3139744730 -2.7206412079 3.3236849671 -0.1196857442 3.3987494552 1.3645488423 0.9403383878 1.6632266222 0.8111156393 1.5210257355 0.1712761692 0.3424337197 0.3289456082 -0.7214355030 0.7107612039 0.0778404386  
-2.5970226023 -0.7518054853 -0.3374720111 -0.7134353613 -0.1259912045 -0.3333369776 -0.1309494497 -1.6922221666 1.1847948447 0.3429481629 1.3645488423 0.7341866886 0.4938502422 0.7417679051 0.3928756908 0.6969401202 1.1136139032 0.2087478539 0.1780314941 -0.3529431802 0.5296521330 -0.0161611770  
-1.7491828583 -0.5148058966 -0.2099747175 -0.4430232427 -0.0602808290 -0.1831111602 -0.0792676616 -1.2010213827 0.7586598467 -0.0088296357 0.9403383878 0.4938502422 0.3515716524 0.5447728092 0.2915533453 0.5191439818 0.5168728128 0.1596084360 0.1440018032 -0.2335895108 0.4149948511 0.0472225577  
-2.8734578659 -0.9223345866 -0.3835141790 -0.7488654290 -0.1496059797 -0.3534972487 0.1209206294 -1.9654405935 1.2071420262 -0.7896942554 1.6632266222 0.7417679051 0.5447728092 0.9897903451 0.4981105470 0.9476069273 -0.0306355382 0.2229201406 0.2240730459 -0.3891945412 0.7271365165 0.1989976502  
-1.4504092186 -0.4436681192 -0.1741819157 -0.3571469637 -0.0522745051 -0.1483982943 -0.0172585258 -1.0117414605 0.5868807447 -0.2974726802 0.8111156393 0.3928756908 0.2915533453 0.4981105470 0.2622898763 0.4830323487 0.1247105780 0.1324546628 0.1287851349 -0.1925441616 0.3924523203 0.0914572715  
-2.7372470287 -0.8604928164 -0.3530114836 -0.6983713780 -0.1344166312 -0.3210361489 -0.0017181020 -1.9096995169 1.0309795950 -0.8266190644 1.5210257355 0.6969401202 0.5191439818 0.9476069273 0.4830323487 0.9237360691 -0.0427351221 0.2186389872 0.2221662078 -0.3646900358 0.7709444135 0.2094593111  
-4.7754248510 -0.6546317180 -0.5804303097 -1.6527563912 -0.3685437408 -0.9460330304 -4.1980266672 -4.3090492106 -0.7489659818 4.4090067325 0.1712761692 1.1136139032 0.5168728128 -0.0306355382 0.1247105780 -0.0427351221 10.3889423980 0.2226207505 -0.0132890576 -0.7175583814 0.3354740119 -0.8571226255  
-0.6059365266 -0.1593375456 -0.0409525813 -0.1093379204 0.0219440988 -0.0044676513 -0.0689535650 -0.4652401872 0.2740420739 0.0042658848 0.3424337197 0.2087478539 0.1596084360 0.2229201406 0.1324546628 0.2186389872 0.2226207505 0.0931801755 0.0838234834 -0.0766186886 0.1967444721 0.0268811710  
-0.5207345880 -0.1499271894 -0.0332522186 -0.0819550115 0.0234904944 0.0074959673 -0.0012877568 -0.3920805104 0.2585148771 -0.1285794479 0.3289456082 0.1780314941 0.1440018032 0.2240730459 0.1287851349 0.2221662078 -0.0132890576 0.0838234834 0.0817551853 -0.0637719117 0.2010850934 0.0513119668  
1.7423442297 0.5152933932 0.2638542245 0.5290710069 0.1410648206 0.2932761398 0.2861389905 1.2073194122 -0.4132379797 0.0420332225 -0.7214355030 -0.3529431802 -0.2335895108 -0.3891945412 -0.1925441616 -0.3646900358 -0.7175583814 -0.0766186886 -0.0637719117 0.2893754302 -0.2916496645 -0.0341539891  
-2.2441807775 -0.5594783720 -0.2203388242 -0.4841978009 -0.0588579355 -0.1490994888 -0.9675414833 -2.0016353908 0.0201812310 -1.0126999961 0.7107612039 0.5296521330 0.4149948511 0.7271365165 0.3924523203 0.7709444135 0.3354740119 0.1967444721 0.2010850934 -0.2916496645 1.2845258782 0.2442751268  
-0.3310202325 -0.1400121108 -0.0212032560 -0.0022404424 0.0052190959 0.0259035885 -0.3680560631 -0.7845523910 -0.5346126524 -1.4539184577 0.0778404386 -0.0161611770 0.0472225577 0.1989976502 0.0914572715 0.2094593111 -0.8571226255 0.0268811710 0.0513119668 -0.0341539891 0.2442751268 0.3565136820  
1.9656479669 1.0951156462 0.0707446969 0.8265664706 -0.3177571886 0.1066347874 0.1726565372 0.1675020345 -0.0717522209 -0.2213790190 0.0174891834 -0.1794756258 -0.2462303556 -0.2332216360 -0.2940104343 -0.3559748558 -0.9017749410 -0.5173745104 -0.3536075025 0.3247316998 -1.1423062832 0.7130431023  
1.0951156462 0.9143089540 0.4222037274 0.7342809111 0.0591237323 0.2653526882 0.1235837412 0.1215550941 -0.0006093188 -0.0838398450 0.0507038544 -0.0476598411 -0.0767380241 -0.0674924561 -0.0970381438 -0.1174976291 -0.4443213889 -0.1880306531 -0.1240090261 0.1985673129 -0.6413889998 0.2931157053  
0.0707446969 0.4222037274 0.8264090192 0.7610961458 0.5404779318 0.5311203674 0.0001602712 0.0005562917 0.0254408560 0.0795469355 -0.0115543281 0.0704806507 0.1003227119 0.0881491383 0.1069284009 0.1235664479 0.2572364141 0.2142455619 0.1197872243 0.1226807274 0.0050948158 -0.1340265849  
0.8265664706 0.7342809111 0.7610961458 1.1028183356 0.3859153001 0.5959247557 0.0137656386 0.0076788430 -0.0496710553 -0.0512399705 -0.0488816459 -0.0221172529 -0.0156308637 -0.0227277300 -0.0284294224 -0.0383481690 -0.1187856517 -0.0092071045 -0.0333228274 0.2803428007 -0.4059830292 0.2036127563  
-0.3177571886 0.0591237323 0.5404779318 0.3859153001 0.4407145586 0.3675798278 -0.0501707496 -0.0530408528 0.0165011265 0.0798916773 -0.0196157800 0.0818559657 0.1150386043 0.1047397244 0.1283657227 0.1507075178 0.3402156112 0.2476362062 0.1522721965 0.0274228929 0.2306615988 -0.2176584950  
0.1066347874 0.2653526882 0.5311203674 0.5959247557 0.3675798278 0.4297098212 -0.0500455129 -0.0553612766 -0.0313152001 -0.0010528362 -0.0429701407 0.0315869764 0.0516378761 0.0445607277 0.0548470406 0.0625120256 0.1203362108 0.1270590481 0.0727798504 0.1136752155 0.0151314411 -0.0405864441  
0.1726565372 0.1235837412 0.0001602712 0.0137656386 -0.0501707496 -0.0500455129 0.0695361404 0.0640536488 0.0354426381 0.0166179640 0.0399594789 -0.0050914622 -0.0142720078 -0.0120822607 -0.0192002339 -0.0222917909 -0.0754739806 -0.0500606613 -0.0353423046 0.0187367354 -0.1507387739 0.0495061286  
0.1675020345 0.1215550941 0.0005562917 0.0076788430 -0.0530408528 -0.0553612766 0.0640536488 0.0716734845 0.0342431180 0.0196024792 0.0346863500 -0.0081763384 -0.0172556338 -0.0165009513 -0.0221740141 -0.0266701426 -0.0669704473 -0.0511142679 -0.0371936290 0.0169356525 -0.1434522070 0.0426395014  
-0.0717522209 -0.0006093188 0.0254408560 -0.0496710553 0.0165011265 -0.0313152001 0.0354426381 0.0342431180 0.0433004103 0.0416645617 0.0334448373 0.0204041860 0.0213069521 0.0218668716 0.0229284605 0.0285087184 0.0453754896 0.0257637839 0.0162398461 -0.0167405160 0.0006267953 -0.0427079351  
-0.2213790190 -0.0838398450 0.0795469355 -0.0512399705 0.0798916773 -0.0010528362 0.0166179640 0.0196024792 0.0416645617 0.0742823814 0.0146273937 0.0318122671 0.0419772499 0.0369039559 0.0470962641 0.0555930099 0.1639807549 0.0811393629 0.0460135967 -0.0290048233 0.0972515456 -0.1034290552  
0.0174891834 0.0507038544 -0.0115543281 -0.0488816459 -0.0196157800 -0.0429701407 0.0399594789 0.0346863500 0.0334448373 0.0146273937 0.0483487557 0.0155407072 0.0102199239 0.0153286355 0.0100462767 0.0143532557 -0.0364533572 -0.0056672618 0.0021263686 -0.0137956200 -0.0501467176 -0.0074857825  
-0.1794756258 -0.0476598411 0.0704806507 -0.0221172529 0.0818559657 0.0315869764 -0.0050914622 -0.0081763384 0.0204041860 0.0318122671 0.0155407072 0.0338411494 0.0405912694 0.0407380900 0.0459957299 0.0557843819 0.0985655456 0.0736059593 0.0510494510 -0.0289518929 0.0970615794 -0.0869613429  
-0.2462303556 -0.0767380241 0.1003227119 -0.0156308637 0.1150386043 0.0516378761 -0.0142720078 -0.0172556338 0.0213069521 0.0419772499 0.0102199239 0.0405912694 0.0528334212 0.0514521488 0.0598412791 0.0726017170 0.1443083970 0.1002573393 0.0671178343 -0.0327888428 0.1405053003 -0.1116775655  
-0.2332216360 -0.0674924561 0.0881491383 -0.0227277300 0.1047397244 0.0445607277 -0.0120822607 -0.0165009513 0.0218668716 0.0369039559 0.0153286355 0.0407380900 0.0514521488 0.0529243685 0.0588013914 0.0725244777 0.1245002523 0.0937648572 0.0648673006 -0.0339880971 0.1296360843 -0.1020215357  
-0.2940104343 -0.0970381438 0.1069284009 -0.0284294224 0.1283657227 0.0548470406 -0.0192002339 -0.0221740141 0.0229284605 0.0470962641 0.0100462767 0.0459957299 0.0598412791 0.0588013914 0.0690810087 0.0835431455 0.1664509392 0.1151989760 0.0776485880 -0.0403152163 0.1693141024 -0.1298297538  
-0.3559748558 -0.1174976291 0.1235664479 -0.0383481690 0.1507075178 0.0625120256 -0.0222917909 -0.0266701426 0.0285087184 0.0555930099 0.0143532557 0.0557843819 0.0726017170 0.0725244777 0.0835431455 0.1038084089 0.1937834944 0.1369976657 0.0931311858 -0.0477347114 0.2024435764 -0.1508038800  
-0.9017749410 -0.4443213889 0.2572364141 -0.1187856517 0.3402156112 0.1203362108 -0.0754739806 -0.0669704473 0.0453754896 0.1639807549 -0.0364533572 0.0985655456 0.1443083970 0.1245002523 0.1664509392 0.1937834944 0.6114805153 0.3248495842 0.1949358165 -0.1053778721 0.5391824966 -0.3810311687  
-0.5173745104 -0.1880306531 0.2142455619 -0.0092071045 0.2476362062 0.1270590481 -0.0500606613 -0.0511142679 0.0257637839 0.0811393629 -0.0056672618 0.0736059593 0.1002573393 0.0937648572 0.1151989760 0.1369976657 0.3248495842 0.2107555297 0.1361941697 -0.0606301808 0.3183886740 -0.2362980354  
-0.3536075025 -0.1240090261 0.1197872243 -0.0333228274 0.1522721965 0.0727798504 -0.0353423046 -0.0371936290 0.0162398461 0.0460135967 0.0021263686 0.0510494510 0.0671178343 0.0648673006 0.0776485880 0.0931311858 0.1949358165 0.1361941697 0.0935729013 -0.0495792034 0.2182908658 -0.1606994240  
0.3247316998 0.1985673129 0.1226807274 0.2803428007 0.0274228929 0.1136752155 0.0187367354 0.0169356525 -0.0167405160 -0.0290048233 -0.0137956200 -0.0289518929 -0.0327888428 -0.0339880971 -0.0403152163 -0.0477347114 -0.1053778721 -0.0606301808 -0.0495792034 0.1205343123 -0.1847787255 0.1173919752  
-1.1423062832 -0.6413889998 0.0050948158 -0.4059830292 0.2306615988 0.0151314411 -0.1507387739 -0.1434522070 0.0006267953 0.0972515456 -0.0501467176 0.0970615794 0.1405053003 0.1296360843 0.1693141024 0.2024435764 0.5391824966 0.3183886740 0.2182908658 -0.1847787255 0.7734771487 -0.4299465808  
0.7130431023 0.2931157053 -0.1340265849 0.2036127563 -0.2176584950 -0.0405864441 0.0495061286 0.0426395014 -0.0427079351 -0.1034290552 -0.0074857825 -0.0869613429 -0.1116775655 -0.1020215357 -0.1298297538 -0.1508038800 -0.3810311687 -0.2362980354 -0.1606994240 0.1173919752 -0.4299465808 0.3618103239  
1.0061969602 0.2723892211 0.0947276658 0.1837119254 -0.0141778212 -0.0171330748 1.2425025420 1.1789764651 0.9683388900 1.0129770259 0.1769315023 -0.2858993146 -0.2456525345 -0.2734648206 -0.1516905902 -0.2629280034 -0.7174152043 -0.1117308255 -0.0685664961 0.1073930703 -0.9773876386 -0.1362132213  
0.2723892211 0.2564089332 0.1130921280 0.0633025708 0.0367337159 0.0144364675 0.5294142175 0.6880649334 0.5863037762 0.9860990440 -0.0088278483 0.0334288348 0.0038905448 -0.0492305098 0.0189424496 0.0157883691 1.0195573522 0.0430572438 0.0386443356 0.0389145589 -0.0840745037 -0.3994228808  
