0.1159650445 0.0278553983 0.0333784437 0.0830021750 0.0371207654 0.0685341469 -0.1639168850 -0.2051040719 -0.2672184750 -0.1901621066 -0.0199553736 0.0142947294 0.0184000968 0.0098060677 0.0060120881 0.0028900416 -0.0132850923 0.0136072335 0.0125523047 0.0112744490 -0.0270595148 0.0054510285  
0.0278553983 0.0128617055 0.0097239805 0.0191247419 0.0094890283 0.0168261119 -0.0395795024 0.0057705975 -0.0244873524 0.0155072802 -0.0126990083 0.0077774397 0.0056498452 -0.0025772327 0.0001597487 -0.0031419245 0.0102397320 0.0036041831 0.0029572675 0.0010295187 0.0009037566 0.0013260876  
0.0333784437 0.0097239805 0.0131271846 0.0310154768 0.0143085387 0.0264449942 -0.0642637367 -0.0923779627 -0.1060886537 -0.0802954170 -0.0058685648 0.0065969561 0.0083664404 0.0068666831 0.0035963547 0.0040877430 -0.0052350152 0.0057997729 0.0054965577 0.0027764873 -0.0022446895 -0.0013494700  
0.0830021750 0.0191247419 0.0310154768 0.0822500289 0.0365599557 0.0683370886 -0.1721381023 -0.3019760492 -0.3213422430 -0.2744620644 -0.0065265047 0.0126157504 0.0207444674 0.0238288804 0.0110100644 0.0154913509 -0.0278887692 0.0148459460 0.0143961232 0.0083674806 -0.0114625471 -0.0032938086  
0.0371207654 0.0094890283 0.0143085387 0.0365599557 0.0171807602 0.0309845824 -0.0777552656 -0.1281922713 -0.1399694325 -0.1148829897 -0.0039865967 0.0065977712 0.0097105657 0.0102683267 0.0048479277 0.0066450919 -0.0104236230 0.0067784402 0.0065503075 0.0032837268 -0.0036567719 -0.0015865081  
0.0685341469 0.0168261119 0.0264449942 0.0683370886 0.0309845824 0.0592238515 -0.1449729133 -0.2473563877 -0.2680325252 -0.2255740588 -0.0072603449 0.0114025618 0.0178065994 0.0197338112 0.0092764839 0.0129983355 -0.0218003676 0.0126242800 0.0122801140 0.0062515539 -0.0065002986 -0.0030925438  
-0.1639168850 -0.0395795024 -0.0642637367 -0.1721381023 -0.0777552656 -0.1449729133 0.5919208345 0.6830202157 0.7576667855 0.5331974549 0.0115680154 -0.0232515689 -0.0422048478 -0.0531142734 -0.0248164107 -0.0361363198 0.0486392998 -0.0314511257 -0.0316505696 -0.0155300721 0.0302807253 -0.0490565490  
-0.2051040719 0.0057705975 -0.0923779627 -0.3019760492 -0.1281922713 -0.2473563877 0.6830202157 1.9388648275 1.6877038551 1.8049544041 -0.0904369720 -0.0037429400 -0.0733904910 -0.1757996869 -0.0683834985 -0.1318715552 0.2633013982 -0.0560184165 -0.0597615939 -0.0403899911 0.0623198774 0.0357313880  
-0.2672184750 -0.0244873524 -0.1060886537 -0.3213422430 -0.1399694325 -0.2680325252 0.7576667855 1.6877038551 1.7600846109 1.6602538861 -0.0320180996 -0.0133516283 -0.0754035259 -0.1503838071 -0.0595589991 -0.1081048223 0.2289359565 -0.0577864616 -0.0612287874 -0.0298911977 0.0499790383 0.0044211300  
-0.1901621066 0.0155072802 -0.0802954170 -0.2744620644 -0.1148829897 -0.2255740588 0.5331974549 1.8049544041 1.6602538861 1.8346226485 -0.0789049602 0.0084849822 -0.0625027285 -0.1653927294 -0.0621725616 -0.1234070509 0.2810700672 -0.0491327178 -0.0540867753 -0.0325640046 0.0523555738 0.0446996538  
-0.0199553736 -0.0126990083 -0.0058685648 -0.0065265047 -0.0039865967 -0.0072603449 0.0115680154 -0.0904369720 -0.0320180996 -0.0789049602 0.0313325240 -0.0050114636 -0.0006969080 0.0125703328 0.0032715979 0.0100112364 -0.0190584051 -0.0013301376 -0.0005081746 0.0010255000 -0.0144102954 -0.0044653914  
0.0142947294 0.0077774397 0.0065969561 0.0126157504 0.0065977712 0.0114025618 -0.0232515689 -0.0037429400 -0.0133516283 0.0084849822 -0.0050114636 0.0078531522 0.0051497592 0.0004244151 0.0007400067 -0.0004511524 0.0073453199 0.0027262561 0.0022510718 -0.0001174736 0.0017153337 -0.0011590266  
0.0184000968 0.0056498452 0.0083664404 0.0207444674 0.0097105657 0.0178065994 -0.0422048478 -0.0733904910 -0.0754035259 -0.0625027285 -0.0006969080 0.0051497592 0.0070341156 0.0068915390 0.0031117147 0.0045954087 -0.0047407555 0.0041495095 0.0039590817 0.0012644148 -0.0006877746 -0.0025485715  
0.0098060677 -0.0025772327 0.0068666831 0.0238288804 0.0102683267 0.0197338112 -0.0531142734 -0.1757996869 -0.1503838071 -0.1653927294 0.0125703328 0.0004244151 0.0068915390 0.0195195469 0.0068036991 0.0141449621 -0.0247390633 0.0047913206 0.0053387873 0.0021868055 -0.0032288774 -0.0058744058  
0.0060120881 0.0001597487 0.0035963547 0.0110100644 0.0048479277 0.0092764839 -0.0248164107 -0.0683834985 -0.0595589991 -0.0621725616 0.0032715979 0.0007400067 0.0031117147 0.0068036991 0.0031619867 0.0052390451 -0.0084607451 0.0022372752 0.0023641176 0.0010768491 -0.0004018806 -0.0024497477  
0.0028900416 -0.0031419245 0.0040877430 0.0154913509 0.0066450919 0.0129983355 -0.0361363198 -0.1318715552 -0.1081048223 -0.1234070509 0.0100112364 -0.0004511524 0.0045954087 0.0141449621 0.0052390451 0.0125677031 -0.0189934860 0.0033030545 0.0037420178 0.0013422508 0.0000267527 -0.0051605775  
-0.0132850923 0.0102397320 -0.0052350152 -0.0278887692 -0.0104236230 -0.0218003676 0.0486392998 0.2633013982 0.2289359565 0.2810700672 -0.0190584051 0.0073453199 -0.0047407555 -0.0247390633 -0.0084607451 -0.0189934860 0.0506241491 -0.0044535867 -0.0056966581 -0.0044544156 0.0111192504 0.0066238987  
0.0136072335 0.0036041831 0.0057997729 0.0148459460 0.0067784402 0.0126242800 -0.0314511257 -0.0560184165 -0.0577864616 -0.0491327178 -0.0013301376 0.0027262561 0.0041495095 0.0047913206 0.0022372752 0.0033030545 -0.0044535867 0.0033832235 0.0027866232 0.0012595309 -0.0001212670 -0.0014776481  
0.0125523047 0.0029572675 0.0054965577 0.0143961232 0.0065503075 0.0122801140 -0.0316505696 -0.0597615939 -0.0612287874 -0.0540867753 -0.0005081746 0.0022510718 0.0039590817 0.0053387873 0.0023641176 0.0037420178 -0.0056966581 0.0027866232 0.0031463260 0.0011810195 -0.0001785919 -0.0012978021  
0.0112744490 0.0010295187 0.0027764873 0.0083674806 0.0032837268 0.0062515539 -0.0155300721 -0.0403899911 -0.0298911977 -0.0325640046 0.0010255000 -0.0001174736 0.0012644148 0.0021868055 0.0010768491 0.0013422508 -0.0044544156 0.0012595309 0.0011810195 0.0034266886 -0.0063659543 -0.0006292067  
-0.0270595148 0.0009037566 -0.0022446895 -0.0114625471 -0.0036567719 -0.0065002986 0.0302807253 0.0623198774 0.0499790383 0.0523555738 -0.0144102954 0.0017153337 -0.0006877746 -0.0032288774 -0.0004018806 0.0000267527 0.0111192504 -0.0001212670 -0.0001785919 -0.0063659543 0.0417865307 -0.0081352529  
0.0054510285 0.0013260876 -0.0013494700 -0.0032938086 -0.0015865081 -0.0030925438 -0.0490565490 0.0357313880 0.0044211300 0.0446996538 -0.0044653914 -0.0011590266 -0.0025485715 -0.0058744058 -0.0024497477 -0.0051605775 0.0066238987 -0.0014776481 -0.0012978021 -0.0006292067 -0.0081352529 0.0270464213  
0.2593261148 0.1696383364 0.1552477024 0.1688046323 0.1581745530 0.2052394588 -0.0281610507 0.0871563135 -0.2115525153 -0.0399965762 -0.9102331004 -0.2991170749 -0.0632885295 -0.2353461382 0.0559012610 -0.0062273034 0.5940212737 0.1722006155 0.1491340093 0.1276597640 0.0711251415 -0.1091128052  
0.1696383364 0.2459882349 0.2289867166 0.1972570394 0.2279237805 0.2654356186 -0.0472988466 0.1796233282 -0.1037029457 0.2528398302 -0.7222538668 0.0150993681 0.1784227400 0.0536494830 0.2407265208 0.2566190603 1.3866002280 0.3113372926 0.2609231606 0.0215968430 0.3003123513 -0.2472366970  
0.1552477024 0.2289867166 0.2208042914 0.1935915751 0.2231018836 0.2631458883 -0.0801418262 0.1214141414 -0.1340819570 0.1514647499 -0.6088758362 0.0615197329 0.2038617965 0.1103330578 0.2544453431 0.2898111294 1.2186113291 0.3047122769 0.2600820147 0.0129058262 0.3005028181 -0.1961378094  
0.1688046323 0.1972570394 0.1935915751 0.1874267472 0.2011476832 0.2520400657 -0.1074365332 0.0606003717 -0.2003419571 0.0027171244 -0.6352624281 -0.0287061544 0.1362865666 0.0534226992 0.2043115408 0.2346888916 0.8333897957 0.2560783763 0.2280938703 0.0414050271 0.2580344525 -0.1170411069  
0.1581745530 0.2279237805 0.2231018836 0.2011476832 0.2303069396 0.2769410126 -0.0995610345 0.0987165697 -0.1565738218 0.1035440155 -0.5855161618 0.0730190523 0.2157511796 0.1381214707 0.2676226946 0.3174812668 1.1247191564 0.3094607082 0.2704076237 0.0151414159 0.3195365550 -0.1671563999  
0.2052394588 0.2654356186 0.2631458883 0.2520400657 0.2769410126 0.3495732342 -0.1483697122 0.0886756968 -0.2410419212 0.0426134490 -0.7641459699 0.0294036466 0.2274241196 0.1452631654 0.3063107787 0.3744999331 1.1253076911 0.3563720569 0.3222126981 0.0385571742 0.3971536189 -0.1521261496  
-0.0281610507 -0.0472988466 -0.0801418262 -0.1074365332 -0.0995610345 -0.1483697122 0.5075785581 0.4576364941 0.7060104264 0.9347970062 0.3705145763 0.1463437782 -0.0229355499 -0.0581227262 -0.0953220918 -0.1480001874 0.5446484716 -0.1020345877 -0.1197445601 -0.0315078748 -0.2008217785 -0.2503254692  
0.0871563135 0.1796233282 0.1214141414 0.0606003717 0.0987165697 0.0886756968 0.4576364941 0.7109315461 0.6397566912 1.3678109840 -0.5038905049 0.0635702750 0.0824563755 -0.0829128314 0.0874268114 0.0441374128 1.9478681115 0.1650515957 0.1061259287 -0.0189598294 0.1694883862 -0.5468975774  
-0.2115525153 -0.1037029457 -0.1340819570 -0.2003419571 -0.1565738218 -0.2410419212 0.7060104264 0.6397566912 1.2230240679 1.5444598286 1.1658400492 0.6755835867 0.2222289173 0.3019986981 0.0033453555 0.0393107230 1.0005879672 -0.1188185329 -0.1452715492 -0.1640036426 -0.1180003814 -0.4027542496  
-0.0399965762 0.2528398302 0.1514647499 0.0027171244 0.1035440155 0.0426134490 0.9347970062 1.3678109840 1.5444598286 2.9724544216 -0.3560464714 0.5242948694 0.3066014417 0.0552041744 0.1879237149 0.1441767623 4.0424003474 0.2545964594 0.1342139219 -0.1373996093 0.3859858830 -1.1732846875  
-0.9102331004 -0.7222538668 -0.6088758362 -0.6352624281 -0.5855161618 -0.7641459699 0.3705145763 -0.5038905049 1.1658400492 -0.3560464714 5.7482351131 2.1882034082 0.8531261883 1.9458504468 0.1707570722 0.6903183913 -3.6484108715 -0.5964281788 -0.4783921294 -0.5975588835 -0.6036464976 0.9601749451  
-0.2991170749 0.0150993681 0.0615197329 -0.0287061544 0.0730190523 0.0294036466 0.1463437782 0.0635702750 0.6755835867 0.5242948694 2.1882034082 1.6387542745 1.0047043844 1.4248666221 0.6253809027 0.9992632287 0.9144683910 0.2506906959 0.2116287000 -0.3793573707 0.3186868178 -0.0502416799  
-0.0632885295 0.1784227400 0.2038617965 0.1362865666 0.2157511796 0.2274241196 -0.0229355499 0.0824563755 0.2222289173 0.3066014417 0.8531261883 1.0047043844 0.7617894227 0.9736734199 0.5788114804 0.8515059198 1.2625561286 0.3793411431 0.3301544761 -0.2244841918 0.4340479194 -0.1116661769  
-0.2353461382 0.0536494830 0.1103330578 0.0534226992 0.1381214707 0.1452631654 -0.0581227262 -0.0829128314 0.3019986981 0.0552041744 1.9458504468 1.4248666221 0.9736734199 1.4863760633 0.6785747686 1.1299827612 0.2005072631 0.2937808365 0.2900600461 -0.3574888400 0.4335875698 0.1932452571  
0.0559012610 0.2407265208 0.2544453431 0.2043115408 0.2676226946 0.3063107787 -0.0953220918 0.0874268114 0.0033453555 0.1879237149 0.1707570722 0.6253809027 0.5788114804 0.6785747686 0.5107490395 0.7149481722 1.3064506135 0.4097853201 0.3627894996 -0.1237562941 0.4597118201 -0.1302198711  
-0.0062273034 0.2566190603 0.2898111294 0.2346888916 0.3174812668 0.3744999331 -0.1480001874 0.0441374128 0.0393107230 0.1441767623 0.6903183913 0.9992632287 0.8515059198 1.1299827612 0.7149481722 1.0811783028 1.1635020437 0.4938685897 0.4606916801 -0.2194957277 0.6362196213 -0.0240707303  
0.5940212737 1.3866002280 1.2186113291 0.8333897957 1.1247191564 1.1253076911 0.5446484716 1.9478681115 1.0005879672 4.0424003474 -3.6484108715 0.9144683910 1.2625561286 0.2005072631 1.3064506135 1.1635020437 12.1758005946 1.7655154953 1.3005407484 -0.1230369966 1.6623143976 -2.6959105511  
0.1722006155 0.3113372926 0.3047122769 0.2560783763 0.3094607082 0.3563720569 -0.1020345877 0.1650515957 -0.1188185329 0.2545964594 -0.5964281788 0.2506906959 0.3793411431 0.2937808365 0.4097853201 0.4938685897 1.7655154953 0.4420828061 0.3753770534 -0.0226988720 0.4445798263 -0.2731001632  
0.1491340093 0.2609231606 0.2600820147 0.2280938703 0.2704076237 0.3222126981 -0.1197445601 0.1061259287 -0.1452715492 0.1342139219 -0.4783921294 0.2116287000 0.3301544761 0.2900600461 0.3627894996 0.4606916801 1.3005407484 0.3753770534 0.3316686125 -0.0171743703 0.4080635626 -0.1747316979  
0.1276597640 0.0215968430 0.0129058262 0.0414050271 0.0151414159 0.0385571742 -0.0315078748 -0.0189598294 -0.1640036426 -0.1373996093 -0.5975588835 -0.3793573707 -0.2244841918 -0.3574888400 -0.1237562941 -0.2194957277 -0.1230369966 -0.0226988720 -0.0171743703 0.1588055698 -0.0617185290 -0.0066900282  
0.0711251415 0.3003123513 0.3005028181 0.2580344525 0.3195365550 0.3971536189 -0.2008217785 0.1694883862 -0.1180003814 0.3859858830 -0.6036464976 0.3186868178 0.4340479194 0.4335875698 0.4597118201 0.6362196213 1.6623143976 0.4445798263 0.4080635626 -0.0617185290 0.7382051655 -0.2635983687  
-0.1091128052 -0.2472366970 -0.1961378094 -0.1170411069 -0.1671563999 -0.1521261496 -0.2503254692 -0.5468975774 -0.4027542496 -1.1732846875 0.9601749451 -0.0502416799 -0.1116661769 0.1932452571 -0.1302198711 -0.0240707303 -2.6959105511 -0.2731001632 -0.1747316979 -0.0066900282 -0.2635983687 0.7164611885  
2.5220726477 1.2645315317 0.6973478713 0.7502812366 0.3301352129 0.4039309942 0.0018549191 0.5097040122 -0.6722466974 -0.6477926032 -0.6857408562 -0.3074449973 -0.2292894791 -0.5337671658 -0.3043670031 -0.6644372279 0.5716064574 0.0093146284 -0.1740588352 0.1543931153 -0.6290346967 -0.1296960573  
1.2645315317 0.7268156131 0.4207544330 0.4196804960 0.2265887112 0.2500457885 -0.1566493926 0.1140917455 -0.4997973018 -0.5390586744 -0.3159872007 -0.1289232790 -0.0726803355 -0.2074276871 -0.0889658563 -0.2342746481 0.2680931814 0.0766137878 -0.0142043775 0.0477596488 -0.2544216540 -0.0397477423  
0.6973478713 0.4207544330 0.2568468925 0.2430232762 0.1493750455 0.1540511565 -0.1167864392 0.0233136840 -0.3210255458 -0.3673661593 -0.1447504050 -0.0510242970 -0.0151220881 -0.0851982170 -0.0174638755 -0.0851575291 0.1861394318 0.0770761024 0.0264998513 0.0150459840 -0.1400065980 -0.0065817770  
0.7502812366 0.4196804960 0.2430232762 0.2670265501 0.1328745214 0.1692203998 -0.0848746995 0.1338811097 -0.2759937889 -0.2788036001 -0.2101356264 -0.0960620904 -0.0573139682 -0.1295788546 -0.0665304738 -0.1435193062 -0.0013093524 0.0278306565 -0.0189248034 0.0191449769 -0.0910417728 -0.0211985476  
0.3301352129 0.2265887112 0.1493750455 0.1328745214 0.1003339357 0.0962687834 -0.0958267937 -0.0276407279 -0.2019016107 -0.2494773532 -0.0389128310 -0.0043862009 0.0192489749 -0.0049829584 0.0275337369 0.0146317567 0.0848859680 0.0739078326 0.0522105577 -0.0075763433 -0.0482008379 0.0137556733  
0.4039309942 0.2500457885 0.1540511565 0.1692203998 0.0962687834 0.1248025697 -0.0900784483 0.0665416119 -0.1947531110 -0.2048399308 -0.1067034140 -0.0495986817 -0.0185384888 -0.0457193828 -0.0149225775 -0.0355753991 -0.0949525662 0.0365172702 0.0162523525 -0.0088585368 0.0060400626 0.0032774288  
0.0018549191 -0.1566493926 -0.1167864392 -0.0848746995 -0.0958267937 -0.0900784483 0.3355769007 0.2490621215 0.3308336343 0.3869821294 0.0146941070 -0.0068658331 -0.0443386291 -0.0707944298 -0.0762473266 -0.1281528411 0.1204343983 -0.0950655982 -0.0952153491 0.0572459009 -0.1574306676 -0.0398006721  
0.5097040122 0.1140917455 0.0233136840 0.1338811097 -0.0276407279 0.0665416119 0.2490621215 0.5105862014 0.1612661546 0.2973318472 -0.2428069916 -0.1621532298 -0.1541488591 -0.2131913564 -0.1958484737 -0.2886357310 -0.3536434455 -0.1562390398 -0.1745728526 0.0485150851 -0.0307164401 -0.0664350962  
-0.6722466974 -0.4997973018 -0.3210255458 -0.2759937889 -0.2019016107 -0.1947531110 0.3308336343 0.1612661546 0.5747109711 0.6641248885 0.1531217942 0.0538189256 -0.0114558708 0.0521387749 -0.0238927561 0.0237849682 -0.1952256401 -0.1354875578 -0.0772989532 0.0233018505 0.0696883233 -0.0337339447  
-0.6477926032 -0.5390586744 -0.3673661593 -0.2788036001 -0.2494773532 -0.2048399308 0.3869821294 0.2973318472 0.6641248885 0.8982825609 0.0545383481 -0.0044028796 -0.0779899075 -0.0355555403 -0.1109075118 -0.0958414561 -0.2704745011 -0.2216505350 -0.1635188769 0.0368726380 0.1105936239 -0.0828125322  
-0.6857408562 -0.3159872007 -0.1447504050 -0.2101356264 -0.0389128310 -0.1067034140 0.0146941070 -0.2428069916 0.1531217942 0.0545383481 0.3356543248 0.1775823385 0.1511873152 0.2441675360 0.1878309861 0.3152034827 0.0919963890 0.1010567614 0.1506457992 -0.0502791924 0.0693227537 0.0742621368  
-0.3074449973 -0.1289232790 -0.0510242970 -0.0960620904 -0.0043862009 -0.0495986817 -0.0068658331 -0.1621532298 0.0538189256 -0.0044028796 0.1775823385 0.1092706162 0.0912034584 0.1305692198 0.1105622660 0.1698648901 0.1643277648 0.0736732121 0.0936647400 -0.0201991146 -0.0023798717 0.0315387136  
-0.2292894791 -0.0726803355 -0.0151220881 -0.0573139682 0.0192489749 -0.0185384888 -0.0443386291 -0.1541488591 -0.0114558708 -0.0779899075 0.1511873152 0.0912034584 0.0868244663 0.1222440216 0.1078858144 0.1660557614 0.1103122503 0.0827482572 0.0984654987 -0.0279212927 0.0154435819 0.0398432580  
-0.5337671658 -0.2074276871 -0.0851982170 -0.1295788546 -0.0049829584 -0.0457193828 -0.0707944298 -0.2131913564 0.0521387749 -0.0355555403 0.2441675360 0.1305692198 0.1222440216 0.2128933861 0.1620739718 0.2861186858 -0.0914508528 0.0942512534 0.1396529073 -0.0589172589 0.1388122675 0.0685834093  
-0.3043670031 -0.0889658563 -0.0174638755 -0.0665304738 0.0275337369 -0.0149225775 -0.0762473266 -0.1958484737 -0.0238927561 -0.1109075118 0.1878309861 0.1105622660 0.1078858144 0.1620739718 0.1399254796 0.2232633846 0.0595198888 0.1045890818 0.1287835211 -0.0418462008 0.0545692373 0.0547484255  
-0.6644372279 -0.2342746481 -0.0851575291 -0.1435193062 0.0146317567 -0.0355753991 -0.1281528411 -0.2886357310 0.0237849682 -0.0958414561 0.3152034827 0.1698648901 0.1660557614 0.2861186858 0.2232633846 0.3944432534 -0.1552362939 0.1397908241 0.1994461419 -0.0860448748 0.2050704548 0.0959351175  
0.5716064574 0.2680931814 0.1861394318 -0.0013093524 0.0848859680 -0.0949525662 0.1204343983 -0.3536434455 -0.1952256401 -0.2704745011 0.0919963890 0.1643277648 0.1103122503 -0.0914508528 0.0595198888 -0.1552362939 2.1581537067 0.1830405745 0.0624645571 0.1283005796 -0.8236542149 -0.0767463943  
0.0093146284 0.0766137878 0.0770761024 0.0278306565 0.0739078326 0.0365172702 -0.0950655982 -0.1562390398 -0.1354875578 -0.2216505350 0.1010567614 0.0736732121 0.0827482572 0.0942512534 0.1045890818 0.1397908241 0.1830405745 0.1143496691 0.1111013458 -0.0246026248 -0.0302785387 0.0394659160  
-0.1740588352 -0.0142043775 0.0264998513 -0.0189248034 0.0522105577 0.0162523525 -0.0952153491 -0.1745728526 -0.0772989532 -0.1635188769 0.1506457992 0.0936647400 0.0984654987 0.1396529073 0.1287835211 0.1994461419 0.0624645571 0.1111013458 0.1275751886 -0.0395686531 0.0409444964 0.0512500512  
0.1543931153 0.0477596488 0.0150459840 0.0191449769 -0.0075763433 -0.0088585368 0.0572459009 0.0485150851 0.0233018505 0.0368726380 -0.0502791924 -0.0201991146 -0.0279212927 -0.0589172589 -0.0418462008 -0.0860448748 0.1283005796 -0.0246026248 -0.0395686531 0.0333820662 -0.0978222484 -0.0280759022  
-0.6290346967 -0.2544216540 -0.1400065980 -0.0910417728 -0.0482008379 0.0060400626 -0.1574306676 -0.0307164401 0.0696883233 0.1105936239 0.0693227537 -0.0023798717 0.0154435819 0.1388122675 0.0545692373 0.2050704548 -0.8236542149 -0.0302785387 0.0409444964 -0.0978222484 0.4736837732 0.0503660778  
-0.1296960573 -0.0397477423 -0.0065817770 -0.0211985476 0.0137556733 0.0032774288 -0.0398006721 -0.0664350962 -0.0337339447 -0.0828125322 0.0742621368 0.0315387136 0.0398432580 0.0685834093 0.0547484255 0.0959351175 -0.0767463943 0.0394659160 0.0512500512 -0.0280759022 0.0503660778 0.0461849213  
2.2832948959 0.7052498659 0.0700933093 0.1915602535 -0.2547717627 -0.3655396408 0.5923264964 0.8456863086 0.3311957034 0.9323812384 -0.3077987165 -0.2418912074 -0.3415267683 -0.4853120007 -0.4196604103 -0.6778793858 1.3755150792 -0.3718762714 -0.4599865069 0.4644377600 -1.1031464228 -0.1810624043  
0.7052498659 1.0448058089 0.7524668700 0.6784314436 0.4238810626 0.4250051849 -0.0316037082 0.0567281135 -0.0414140459 0.0080428190 -0.0909869804 0.0563948960 0.0645797027 0.0010290765 0.0531138505 0.0102812735 0.8723039297 0.2301391777 0.1072028580 0.1049316742 0.0504000347 -0.1951471157  
0.0700933093 0.7524668700 0.6660628751 0.5721169860 0.4541072527 0.4850287039 -0.1459472086 -0.1313840403 -0.0842444208 -0.1755088024 0.0090143852 0.1244975220 0.1546225632 0.1309086591 0.1628669436 0.1900748490 0.5163734473 0.3126223977 0.2213954212 -0.0035217996 0.3084974023 -0.1312239070  
0.1915602535 0.6784314436 0.5721169860 0.5526059159 0.4114486507 0.4824015960 0.0252227688 0.0619851709 0.0608573818 0.0076722151 0.1031338569 0.1599270242 0.1823592308 0.1787514330 0.1926267959 0.2493677072 0.3579259550 0.2891178932 0.2337080108 0.0345608940 0.2130754837 -0.0778112655  
-0.2547717627 0.4238810626 0.4541072527 0.4114486507 0.4083523198 0.4978581738 -0.0352791483 -0.0474844282 0.0412751334 -0.1159265546 0.1996908143 0.2115956896 0.2464084434 0.2771418798 0.2743850095 0.3846746663 0.0250374350 0.3369684904 0.3191216390 -0.0792779396 0.3863762223 -0.0204764625  
-0.3655396408 0.4250051849 0.4850287039 0.4824015960 0.4978581738 0.6629211496 0.0752585540 0.0673197502 0.1639886075 -0.0442610672 0.3702594409 0.3212639518 0.3653964081 0.4346591039 0.4100326049 0.5976792344 -0.2288426654 0.4343938464 0.4555796559 -0.1113784434 0.4923834127 0.0324714082  
0.5923264964 -0.0316037082 -0.1459472086 0.0252227688 -0.0352791483 0.0752585540 0.6706468918 0.7596671445 0.5752920912 0.7652102190 0.3468854735 0.1678726352 0.1303503040 0.1733097641 0.1350298101 0.2171708700 -0.0094427071 0.0084467131 0.0956481330 0.1226460862 -0.3366802941 0.0851210363  
0.8456863086 0.0567281135 -0.1313840403 0.0619851709 -0.0474844282 0.0673197502 0.7596671445 0.8996829519 0.6395800079 0.9030140876 0.3408255933 0.1585434429 0.1107388376 0.1426653643 0.1101024296 0.1750687667 0.1238526915 -0.0182580298 0.0681760033 0.1724631627 -0.4304371408 0.0588333523  
0.3311957034 -0.0414140459 -0.0842444208 0.0608573818 0.0412751334 0.1639886075 0.5752920912 0.6395800079 0.5326762111 0.6512425942 0.3724744524 0.2079753803 0.1844016527 0.2356137816 0.1967971211 0.3061015752 -0.0387650799 0.0862943639 0.1691150880 0.0781856216 -0.1797641055 0.0865249297  
0.9323812384 0.0080428190 -0.1755088024 0.0076722151 -0.1159265546 -0.0442610672 0.7652102190 0.9030140876 0.6512425942 1.0251004016 0.2402354403 0.1053811568 0.0434985359 0.0370371360 0.0257952776 0.0336253075 0.5783638055 -0.0770903273 -0.0194413618 0.2455550791 -0.5300700434 -0.0031423743  
-0.3077987165 -0.0909869804 0.0090143852 0.1031338569 0.1996908143 0.3702594409 0.3468854735 0.3408255933 0.3724744524 0.2402354403 0.4920435660 0.3015284886 0.3180689095 0.4253535656 0.3623028486 0.5688921533 -0.6669808972 0.2482367764 0.3566855655 -0.1077682814 0.2074635602 0.1624884800  
-0.2418912074 0.0563948960 0.1244975220 0.1599270242 0.2115956896 0.3212639518 0.1678726352 0.1585434429 0.2079753803 0.1053811568 0.3015284886 0.2142970333 0.2310850513 0.2916337422 0.2600878349 0.3943007778 -0.2804666031 0.2208791735 0.2689889623 -0.0713124760 0.2116465305 0.0732278844  
-0.3415267683 0.0645797027 0.1546225632 0.1823592308 0.2464084434 0.3653964081 0.1303503040 0.1107388376 0.1844016527 0.0434985359 0.3180689095 0.2310850513 0.2560687722 0.3237523815 0.2892993558 0.4393828505 -0.3540381037 0.2530545178 0.3026216564 -0.0949719753 0.2802411492 0.0806690400  
-0.4853120007 0.0010290765 0.1309086591 0.1787514330 0.2771418798 0.4346591039 0.1733097641 0.1426653643 0.2356137816 0.0370371360 0.4253535656 0.2916337422 0.3237523815 0.4238448405 0.3697189545 0.5726480944 -0.6269862642 0.3000267815 0.3799554332 -0.1390938203 0.3523787407 0.1332853475  
-0.4196604103 0.0531138505 0.1628669436 0.1926267959 0.2743850095 0.4100326049 0.1350298101 0.1101024296 0.1967971211 0.0257952776 0.3623028486 0.2600878349 0.2892993558 0.3697189545 0.3294039602 0.5020166422 -0.4546089654 0.2846775192 0.3445874427 -0.1191802904 0.3324062331 0.0970010724  
-0.6778793858 0.0102812735 0.1900748490 0.2493677072 0.3846746663 0.5976792344 0.2171708700 0.1750687667 0.3061015752 0.0336253075 0.5688921533 0.3943007778 0.4393828505 0.5726480944 0.5020166422 0.7766767499 -0.8324374316 0.4129364116 0.5186549136 -0.1919249552 0.4992949042 0.1731679976  
1.3755150792 0.8723039297 0.5163734473 0.3579259550 0.0250374350 -0.2288426654 -0.0094427071 0.1238526915 -0.0387650799 0.5783638055 -0.6669808972 -0.2804666031 -0.3540381037 -0.6269862642 -0.4546089654 -0.8324374316 3.2074332160 -0.1357094305 -0.4131831802 0.4540910777 -0.5326510115 -0.5588428149  
-0.3718762714 0.2301391777 0.3126223977 0.2891178932 0.3369684904 0.4343938464 0.0084467131 -0.0182580298 0.0862943639 -0.0770903273 0.2482367764 0.2208791735 0.2530545178 0.3000267815 0.2846775192 0.4129364116 -0.1357094305 0.3086775378 0.3180237778 -0.1006828286 0.3679771802 0.0234693575  
-0.4599865069 0.1072028580 0.2213954212 0.2337080108 0.3191216390 0.4555796559 0.0956481330 0.0681760033 0.1691150880 -0.0194413618 0.3566855655 0.2689889623 0.3026216564 0.3799554332 0.3445874427 0.5186549136 -0.4131831802 0.3180237778 0.3698031703 -0.1313530329 0.3889261576 0.0817014138  
0.4644377600 0.1049316742 -0.0035217996 0.0345608940 -0.0792779396 -0.1113784434 0.1226460862 0.1724631627 0.0781856216 0.2455550791 -0.1077682814 -0.0713124760 -0.0949719753 -0.1390938203 -0.1191802904 -0.1919249552 0.4540910777 -0.1006828286 -0.1313530329 0.1596800653 -0.2645467109 -0.0554961452  
-1.1031464228 0.0504000347 0.3084974023 0.2130754837 0.3863762223 0.4923834127 -0.3366802941 -0.4304371408 -0.1797641055 -0.5300700434 0.2074635602 0.2116465305 0.2802411492 0.3523787407 0.3324062331 0.4992949042 -0.5326510115 0.3679771802 0.3889261576 -0.2645467109 0.8017980303 0.0179125787  
-0.1810624043 -0.1951471157 -0.1312239070 -0.0778112655 -0.0204764625 0.0324714082 0.0851210363 0.0588333523 0.0865249297 -0.0031423743 0.1624884800 0.0732278844 0.0806690400 0.1332853475 0.0970010724 0.1731679976 -0.5588428149 0.0234693575 0.0817014138 -0.0554961452 0.0179125787 0.1405900528  
3.4745261742 0.4299683657 -0.1131380751 0.9448059500 -0.2176893708 0.3783824424 0.2163395220 0.5626186489 -0.1043156982 0.3357014994 -0.7651585133 -0.3029020962 -0.3215502949 -0.5075145022 -0.3377160124 -0.5132028836 0.0962495561 -0.3651252587 -0.2297685152 0.6934115100 -0.1460464398 0.8936402832  
0.4299683657 1.3727219288 0.8282881723 0.6363997177 0.3664943631 0.3163073680 -0.0703562580 0.0228636368 -0.0908278176 -0.1574053348 -0.0137469524 0.0124289968 0.0377946292 0.0476441107 0.0318352042 0.0355503746 -0.0686729753 0.1190671387 0.0373524415 0.0087835856 -0.0209282445 -0.3444595186  
-0.1131380751 0.8282881723 0.5864178562 0.3781324372 0.3082235518 0.2434243201 -0.0316349925 -0.0007763125 0.0051329361 -0.0683263906 0.1088364484 0.0840393849 0.1063860195 0.1447739182 0.1066162589 0.1564991737 0.0219860719 0.1595353694 0.0921390373 -0.0685029532 0.0401001635 -0.3188245503  
0.9448059500 0.6363997177 0.3781324372 0.6677861019 0.2060179508 0.4295817485 0.0879912606 0.2156686366 0.0467788785 0.1343642922 -0.0884297904 0.0365701938 0.0533111981 0.0543935305 0.0579782011 0.0990451052 0.0706291727 0.0546807501 0.0691698859 0.1792248073 0.0816775988 0.1145770526  
-0.2176893708 0.3664943631 0.3082235518 0.2060179508 0.2315275009 0.2319498829 0.0654966417 0.0686256047 0.1158194717 0.0531003364 0.2064550391 0.1470682677 0.1610955274 0.2174492003 0.1738161682 0.2641614263 0.0832002798 0.1787524222 0.1582267433 -0.0893060903 0.0988810203 -0.1645311940  
0.3783824424 0.3163073680 0.2434243201 0.4295817485 0.2319498829 0.4291115388 0.1855702301 0.2521228507 0.2033773343 0.2272484057 0.1695100345 0.1778814613 0.1914766550 0.2450507651 0.2131689835 0.3340875553 0.1665040216 0.1778898646 0.2095352421 0.0322663378 0.1676143980 0.0718531370  
0.2163395220 -0.0703562580 -0.0316349925 0.0879912606 0.0654966417 0.1855702301 0.2463040462 0.2994367644 0.2375662563 0.3234420657 0.1495651580 0.1417258573 0.1387228176 0.1615101620 0.1513466318 0.2271419053 0.3280218084 0.1182274791 0.1501176172 0.0010961341 0.0719052302 0.0506079214  
0.5626186489 0.0228636368 -0.0007763125 0.2156686366 0.0686256047 0.2521228507 0.2994367644 0.4218949827 0.2665349482 0.4351989298 0.0831508933 0.1304694102 0.1275200685 0.1311400991 0.1358317722 0.2017717210 0.4590297598 0.1059769344 0.1414319902 0.0710312275 0.0654024664 0.0882603540  
-0.1043156982 -0.0908278176 0.0051329361 0.0467788785 0.1158194717 0.2033773343 0.2375662563 0.2665349482 0.2756419916 0.3166856190 0.2476607090 0.1955490362 0.1968081532 0.2470039484 0.2139244455 0.3251109879 0.3358057893 0.1772132486 0.1998286910 -0.0657124213 0.1150927649 -0.0251858575  
0.3357014994 -0.1574053348 -0.0683263906 0.1343642922 0.0531003364 0.2272484057 0.3234420657 0.4351989298 0.3166856190 0.5350264491 0.1129448269 0.1553741456 0.1517689694 0.1573835793 0.1576262321 0.2336415984 0.6135472781 0.1260549428 0.1545456238 0.0532044942 0.0912104859 0.0644407535  
-0.7651585133 -0.0137469524 0.1088364484 -0.0884297904 0.2064550391 0.1695100345 0.1495651580 0.0831508933 0.2476607090 0.1129448269 0.4414086134 0.2615042967 0.2691094683 0.3726661271 0.2978208368 0.4544100109 0.1169331476 0.2647793894 0.2682333558 -0.2296974351 0.1573261695 -0.1861261981  
-0.3029020962 0.0124289968 0.0840393849 0.0365701938 0.1470682677 0.1778814613 0.1417258573 0.1304694102 0.1955490362 0.1553741456 0.2615042967 0.1811650420 0.1868234986 0.2500173381 0.2050046855 0.3148420864 0.1554508906 0.1773493317 0.1864126701 -0.1082787722 0.1168138347 -0.0811429390  
-0.3215502949 0.0377946292 0.1063860195 0.0533111981 0.1610955274 0.1914766550 0.1387228176 0.1275200685 0.1968081532 0.1517689694 0.2691094683 0.1868234986 0.1949854694 0.2616646162 0.2130895712 0.3284909246 0.1514666553 0.1855473027 0.1924698168 -0.1125021380 0.1238360869 -0.0935277538  
-0.5075145022 0.0476441107 0.1447739182 0.0543935305 0.2174492003 0.2450507651 0.1615101620 0.1311400991 0.2470039484 0.1573835793 0.3726661271 0.2500173381 0.2616646162 0.3597849933 0.2877568560 0.4473716346 0.1360503284 0.2472124026 0.2566547581 -0.1663993460 0.1705195865 -0.1354702510  
-0.3377160124 0.0318352042 0.1066162589 0.0579782011 0.1738161682 0.2131689835 0.1513466318 0.1358317722 0.2139244455 0.1576262321 0.2978208368 0.2050046855 0.2130895712 0.2877568560 0.2351626108 0.3623953130 0.1452089162 0.2016831196 0.2136138845 -0.1218165424 0.1392518268 -0.0851473215  
-0.5132028836 0.0355503746 0.1564991737 0.0990451052 0.2641614263 0.3340875553 0.2271419053 0.2017717210 0.3251109879 0.2336415984 0.4544100109 0.3148420864 0.3284909246 0.4473716346 0.3623953130 0.5647871021 0.1934413764 0.3048410325 0.3270412661 -0.1830389394 0.2218530612 -0.1202167547  
0.0962495561 -0.0686729753 0.0219860719 0.0706291727 0.0832002798 0.1665040216 0.3280218084 0.4590297598 0.3358057893 0.6135472781 0.1169331476 0.1554508906 0.1514666553 0.1360503284 0.1452089162 0.1934413764 0.8851621465 0.1621263129 0.1419275682 0.0122601322 0.0588149979 -0.1093128747  
-0.3651252587 0.1190671387 0.1595353694 0.0546807501 0.1787524222 0.1778898646 0.1182274791 0.1059769344 0.1772132486 0.1260549428 0.2647793894 0.1773493317 0.1855473027 0.2472124026 0.2016831196 0.3048410325 0.1621263129 0.1915627054 0.1839026756 -0.1232783544 0.1089521020 -0.1385668287  
-0.2297685152 0.0373524415 0.0921390373 0.0691698859 0.1582267433 0.2095352421 0.1501176172 0.1414319902 0.1998286910 0.1545456238 0.2682333558 0.1864126701 0.1924698168 0.2566547581 0.2136138845 0.3270412661 0.1419275682 0.1839026756 0.2004616195 -0.0990494540 0.1284972978 -0.0478737620  
0.6934115100 0.0087835856 -0.0685029532 0.1792248073 -0.0893060903 0.0322663378 0.0010961341 0.0710312275 -0.0657124213 0.0532044942 -0.2296974351 -0.1082787722 -0.1125021380 -0.1663993460 -0.1218165424 -0.1830389394 0.0122601322 -0.1232783544 -0.0990494540 0.1912503777 -0.0436344409 0.2083405461  
-0.1460464398 -0.0209282445 0.0401001635 0.0816775988 0.0988810203 0.1676143980 0.0719052302 0.0654024664 0.1150927649 0.0912104859 0.1573261695 0.1168138347 0.1238360869 0.1705195865 0.1392518268 0.2218530612 0.0588149979 0.1089521020 0.1284972978 -0.0436344409 0.1365116347 0.0189422008  
0.8936402832 -0.3444595186 -0.3188245503 0.1145770526 -0.1645311940 0.0718531370 0.0506079214 0.0882603540 -0.0251858575 0.0644407535 -0.1861261981 -0.0811429390 -0.0935277538 -0.1354702510 -0.0851473215 -0.1202167547 -0.1093128747 -0.1385668287 -0.0478737620 0.2083405461 0.0189422008 0.4953181229  
0.7945069182 0.2149482163 0.0862585312 0.1537484518 0.0186553566 0.0467600785 0.8462470513 0.9791039585 0.5739709271 0.8885006492 -0.1006541260 -0.1150234858 -0.0933924734 -0.1789250720 -0.0936243880 -0.2047582186 -0.2745846137 -0.0482423931 -0.0514967745 0.0708528440 -0.4401488210 -0.1704501820  
0.2149482163 0.1151869533 0.0556732057 0.0757875944 0.0342090667 0.0641689309 0.0294982378 0.2019512940 -0.0102243367 0.2028340796 -0.1772523582 -0.0480709122 -0.0283060836 -0.0657207492 -0.0112782667 -0.0331357120 0.1983771843 0.0119019380 0.0139276109 0.0091560128 0.0508853971 -0.1246654968  
0.0862585312 0.0556732057 0.0324985999 0.0447499797 0.0218911784 0.0410455786 -0.0618428792 0.0436057259 -0.0639784584 0.0569626756 -0.1425108853 -0.0264875524 -0.0135941053 -0.0366020513 -0.0038500346 -0.0138140160 0.0610788207 0.0102241484 0.0113439782 0.0039937877 0.0675109830 -0.0609589056  
0.1537484518 0.0757875944 0.0447499797 0.0754788635 0.0307612186 0.0668812302 -0.0545857333 0.1167131820 -0.0473954588 0.1696658381 -0.2451464132 -0.0462465031 -0.0266524450 -0.0634926785 -0.0144365931 -0.0323299161 -0.0987110250 0.0057470461 0.0100331484 0.0117023683 0.1002458091 -0.0984924929  
0.0186553566 0.0342090667 0.0218911784 0.0307612186 0.0205538763 0.0403241708 -0.1220269803 -0.0244779853 -0.0936417383 0.0072536538 -0.1258311636 -0.0152958206 -0.0051322499 -0.0171663635 0.0053926947 0.0089661436 0.0523432214 0.0129347595 0.0165752017 -0.0028448049 0.1153924742 -0.0480459746  
0.0467600785 0.0641689309 0.0410455786 0.0668812302 0.0403241708 0.0905352256 -0.2202881579 0.0043037830 -0.1406081675 0.1203924557 -0.2888911889 -0.0342566193 -0.0147997512 -0.0418068481 0.0051130992 0.0124204225 0.0151346031 0.0190876456 0.0293508252 -0.0033913917 0.2600064178 -0.1266502699  
0.8462470513 0.0294982378 -0.0618428792 -0.0545857333 -0.1220269803 -0.2202881579 2.2206106953 1.7083545046 1.7609987997 1.5845665214 0.9188702129 0.0213433730 -0.0631045040 -0.0754654626 -0.1381872875 -0.2793465276 -0.2020654021 -0.1509242701 -0.1691617821 0.1095760784 -1.3247825267 -0.0623447659  
0.9791039585 0.2019512940 0.0436057259 0.1167131820 -0.0244779853 0.0043037830 1.7083545046 1.8784634720 1.4982890126 2.1927203870 0.0385549740 -0.0847781585 -0.1211028150 -0.2343814124 -0.1513770866 -0.2977269448 -0.0637442099 -0.1156203895 -0.1129525976 0.1111600188 -0.6144889432 -0.5392618444  
0.5739709271 -0.0102243367 -0.0639784584 -0.0473954588 -0.0936417383 -0.1406081675 1.7609987997 1.4982890126 1.6227488551 1.8042007576 0.5446032219 0.0562391162 -0.0453122287 -0.0772655666 -0.1098063662 -0.2062603256 -0.0685224927 -0.1259122988 -0.1277859283 0.1004636837 -0.8026252819 -0.2981133804  
0.8885006492 0.2028340796 0.0569626756 0.1696658381 0.0072536538 0.1203924557 1.5845665214 2.1927203870 1.8042007576 3.3568492817 -0.6119886506 -0.0626078293 -0.1407362963 -0.3447878051 -0.1723049753 -0.3159271364 0.1495512013 -0.1207266576 -0.0972920019 0.1451107918 -0.0100533401 -1.1233857915  
-0.1006541260 -0.1772523582 -0.1425108853 -0.2451464132 -0.1258311636 -0.2888911889 0.9188702129 0.0385549740 0.5446032219 -0.6119886506 1.4741019504 0.1614167572 0.0893489503 0.2678218292 0.0440778511 0.0838327589 0.2104374546 -0.0412606100 -0.0563369516 -0.0272673583 -0.9825733442 0.5681259438  
-0.1150234858 -0.0480709122 -0.0264875524 -0.0462465031 -0.0152958206 -0.0342566193 0.0213433730 -0.0847781585 0.0562391162 -0.0626078293 0.1614167572 0.0541429133 0.0281021940 0.0518729151 0.0199655500 0.0399027486 0.1572368211 0.0034020226 0.0037594787 -0.0043653391 -0.0307874874 0.0288593577  
-0.0933924734 -0.0283060836 -0.0135941053 -0.0266524450 -0.0051322499 -0.0147997512 -0.0631045040 -0.1211028150 -0.0453122287 -0.1407362963 0.0893489503 0.0281021940 0.0202209729 0.0394718680 0.0183588617 0.0366119550 0.0802071739 0.0077836364 0.0083620334 -0.0100596873 0.0124566765 0.0448386253  
-0.1789250720 -0.0657207492 -0.0366020513 -0.0634926785 -0.0171663635 -0.0418068481 -0.0754654626 -0.2343814124 -0.0772655666 -0.3447878051 0.2678218292 0.0518729151 0.0394718680 0.0977234667 0.0379223587 0.0805645445 0.0409545366 0.0098669534 0.0127304717 -0.0261846237 -0.0280711968 0.1500081343  
-0.0936243880 -0.0112782667 -0.0038500346 -0.0144365931 0.0053926947 0.0051130992 -0.1381872875 -0.1513770866 -0.1098063662 -0.1723049753 0.0440778511 0.0199655500 0.0183588617 0.0379223587 0.0255231765 0.0504310511 0.1171136671 0.0164640485 0.0199712358 -0.0153390909 0.0787427586 0.0349942975  
-0.2047582186 -0.0331357120 -0.0138140160 -0.0323299161 0.0089661436 0.0124204225 -0.2793465276 -0.2977269448 -0.2062603256 -0.3159271364 0.0838327589 0.0399027486 0.0366119550 0.0805645445 0.0504310511 0.1072983778 0.1659675824 0.0292843781 0.0389784540 -0.0336342336 0.1857961720 0.0668833674  
-0.2745846137 0.1983771843 0.0610788207 -0.0987110250 0.0523432214 0.0151346031 -0.2020654021 -0.0637442099 -0.0685224927 0.1495512013 0.2104374546 0.1572368211 0.0802071739 0.0409545366 0.1171136671 0.1659675824 4.5208917041 0.1332238784 0.1116344596 -0.0665430988 0.3879586178 -0.5914479112  
-0.0482423931 0.0119019380 0.0102241484 0.0057470461 0.0129347595 0.0190876456 -0.1509242701 -0.1156203895 -0.1259122988 -0.1207266576 -0.0412606100 0.0034020226 0.0077836364 0.0098669534 0.0164640485 0.0292843781 0.1332238784 0.0179486117 0.0192383328 -0.0091473707 0.0924430840 -0.0014550031  
-0.0514967745 0.0139276109 0.0113439782 0.0100331484 0.0165752017 0.0293508252 -0.1691617821 -0.1129525976 -0.1277859283 -0.0972920019 -0.0563369516 0.0037594787 0.0083620334 0.0127304717 0.0199712358 0.0389784540 0.1116344596 0.0192383328 0.0244871272 -0.0111421833 0.1307193863 -0.0119726702  
0.0708528440 0.0091560128 0.0039937877 0.0117023683 -0.0028448049 -0.0033913917 0.1095760784 0.1111600188 0.1004636837 0.1451107918 -0.0272673583 -0.0043653391 -0.0100596873 -0.0261846237 -0.0153390909 -0.0336342336 -0.0665430988 -0.0091473707 -0.0111421833 0.0240592574 -0.0790163957 -0.0342976547  
-0.4401488210 0.0508853971 0.0675109830 0.1002458091 0.1153924742 0.2600064178 -1.3247825267 -0.6144889432 -0.8026252819 -0.0100533401 -0.9825733442 -0.0307874874 0.0124566765 -0.0280711968 0.0787427586 0.1857961720 0.3879586178 0.0924430840 0.1307193863 -0.0790163957 1.3699736781 -0.3911550861  
-0.1704501820 -0.1246654968 -0.0609589056 -0.0984924929 -0.0480459746 -0.1266502699 -0.0623447659 -0.5392618444 -0.2981133804 -1.1233857915 0.5681259438 0.0288593577 0.0448386253 0.1500081343 0.0349942975 0.0668833674 -0.5914479112 -0.0014550031 -0.0119726702 -0.0342976547 -0.3911550861 0.6209008736  
0.2264619946 0.1663338785 0.1676218051 0.1763712456 0.1933181230 0.2300442673 0.0793250275 0.1014894720 -0.0352319245 -0.0753005344 0.0717130984 0.0664193414 0.1466214052 0.2249841568 0.2292961346 0.3263744065 0.1345901400 0.2088884451 0.2336611581 0.0101845211 0.0518777872 0.1614201532  
0.1663338785 0.1294470478 0.1294224616 0.1343393325 0.1483189566 0.1760745643 0.0753366966 0.0989749721 -0.0083178399 -0.0079038794 0.0414678375 -0.0077385424 0.0781889838 0.1583699384 0.1623152170 0.2432874719 0.1681364857 0.1564615803 0.1770443366 -0.0012192357 0.0545864550 0.1364486064  
0.1676218051 0.1294224616 0.1337977583 0.1390377317 0.1547001471 0.1825311112 0.0436561357 0.0668184147 -0.0479375449 -0.0731568100 0.0304478493 0.0331929656 0.1106223586 0.1715678225 0.1819516884 0.2566675647 0.1438374293 0.1706066378 0.1888500940 0.0045266886 0.0648883019 0.1282991007  
