4.8524510578 0.3047619559 0.3196802375 1.0657698423 0.3482648559 0.7088291706 -0.2155270581 -0.2762321813 -0.7606859895 -0.9548626844 -0.5873298513 -0.2365484676 -0.1838117291 -0.2671889799 -0.1274653224 -0.2724622736 -0.4793273430 0.0022002169 0.0310682358 0.7296931171 -0.6820114517 0.3006110237  
0.3047619559 0.1329585979 0.0629869199 0.0933992681 0.0388396217 0.0655481168 0.0438436170 0.1818067537 0.0541087383 0.1336446938 -0.0405830448 0.0057463862 -0.0006958829 -0.0275264579 -0.0049137148 -0.0242318969 0.0661074701 0.0145184440 0.0092262307 0.0367753750 0.0399670987 -0.0203796151  
0.3196802375 0.0629869199 0.0397412192 0.0881146615 0.0321300475 0.0609555074 -0.0054939823 0.0299763848 -0.0177710426 0.0009730778 -0.0489540197 -0.0093206305 -0.0092083925 -0.0239501244 -0.0080792175 -0.0222275653 0.0020476185 0.0056912269 0.0053779505 0.0484180635 -0.0098080862 0.0135778376  
1.0657698423 0.0933992681 0.0881146615 0.2727279013 0.0898604186 0.1845805851 -0.0823003912 -0.1259426927 -0.1689382321 -0.1998948671 -0.1784378740 -0.0569067047 -0.0456380321 -0.0757954483 -0.0336103461 -0.0728755531 -0.0944659446 0.0016830046 0.0088395729 0.1797611938 -0.1249622604 0.0867322761  
0.3482648559 0.0388396217 0.0321300475 0.0898604186 0.0312715800 0.0619571475 -0.0220932913 -0.0206601643 -0.0461993205 -0.0492375887 -0.0533315486 -0.0160044818 -0.0134262574 -0.0243119621 -0.0101241552 -0.0233759124 -0.0231160487 0.0025059690 0.0040099541 0.0540831968 -0.0323811985 0.0263359083  
0.7088291706 0.0655481168 0.0609555074 0.1845805851 0.0619571475 0.1267509812 -0.0584890335 -0.0846723799 -0.1109490060 -0.1290469348 -0.1194926545 -0.0374610977 -0.0304195150 -0.0514728914 -0.0225037621 -0.0492768622 -0.0605208718 0.0021651276 0.0067054101 0.1171319794 -0.0770074805 0.0607923315  
-0.2155270581 0.0438436170 -0.0054939823 -0.0823003912 -0.0220932913 -0.0584890335 0.1657899518 0.3484530043 0.1452939163 0.2145129891 0.1013586058 0.0386420598 0.0264063357 0.0268194916 0.0157145673 0.0219347521 0.0887244111 0.0102101786 0.0003366119 -0.0679026501 0.0684264264 -0.1077884302  
-0.2762321813 0.1818067537 0.0299763848 -0.1259426927 -0.0206601643 -0.0846723799 0.3484530043 0.8633226254 0.3435564300 0.5515805823 0.2180704803 0.0909477929 0.0595975320 0.0476531410 0.0349505050 0.0398451065 0.2398943504 0.0358410516 0.0104490315 -0.1470885675 0.1865182136 -0.2237485443  
-0.7606859895 0.0541087383 -0.0177710426 -0.1689382321 -0.0461993205 -0.1109490060 0.1452939163 0.3435564300 0.2447226463 0.3658617340 0.1328496575 0.0656637219 0.0454168757 0.0428648397 0.0274262540 0.0433713744 0.1733570190 0.0152527912 0.0014621910 -0.1414753783 0.1816129724 -0.1165757621  
-0.9548626844 0.1336446938 0.0009730778 -0.1998948671 -0.0492375887 -0.1290469348 0.2145129891 0.5515805823 0.3658617340 0.5795103950 0.1609497173 0.0920367955 0.0611786645 0.0440743795 0.0343025950 0.0469446977 0.2757456419 0.0262928568 0.0050869052 -0.1853660954 0.2677821233 -0.1696590201  
-0.5873298513 -0.0405830448 -0.0489540197 -0.1784378740 -0.0533315486 -0.1194926545 0.1013586058 0.2180704803 0.1328496575 0.1609497173 0.1759390796 0.0509264411 0.0400699826 0.0662511334 0.0308332889 0.0605392183 0.0725632892 0.0080588011 -0.0004873367 -0.1363950460 0.0972189172 -0.0764455320  
-0.2365484676 0.0057463862 -0.0093206305 -0.0569067047 -0.0160044818 -0.0374610977 0.0386420598 0.0909477929 0.0656637219 0.0920367955 0.0509264411 0.0210196698 0.0155016175 0.0191525551 0.0106486202 0.0186992331 0.0445348106 0.0046800915 0.0007871333 -0.0464168997 0.0538906267 -0.0314344384  
-0.1838117291 -0.0006958829 -0.0092083925 -0.0456380321 -0.0134262574 -0.0304195150 0.0264063357 0.0595975320 0.0454168757 0.0611786645 0.0400699826 0.0155016175 0.0119290641 0.0161571237 0.0085179001 0.0156878339 0.0300411575 0.0029714921 0.0003356840 -0.0352441940 0.0381290191 -0.0222910109  
-0.2671889799 -0.0275264579 -0.0239501244 -0.0757954483 -0.0243119621 -0.0514728914 0.0268194916 0.0476531410 0.0428648397 0.0440743795 0.0662511334 0.0191525551 0.0161571237 0.0291397677 0.0130686279 0.0272705745 0.0217500312 0.0015011371 -0.0008792813 -0.0524603498 0.0376232654 -0.0241711856  
-0.1274653224 -0.0049137148 -0.0080792175 -0.0336103461 -0.0101241552 -0.0225037621 0.0157145673 0.0349505050 0.0274262540 0.0343025950 0.0308332889 0.0106486202 0.0085179001 0.0130686279 0.0065416600 0.0125372268 0.0172153833 0.0018464674 0.0002166508 -0.0252734229 0.0245968482 -0.0136797140  
-0.2724622736 -0.0242318969 -0.0222275653 -0.0728755531 -0.0233759124 -0.0492768622 0.0219347521 0.0398451065 0.0433713744 0.0469446977 0.0605392183 0.0186992331 0.0156878339 0.0272705745 0.0125372268 0.0261809239 0.0241155564 0.0015533282 -0.0007426081 -0.0506303885 0.0410779906 -0.0220509349  
-0.4793273430 0.0661074701 0.0020476185 -0.0944659446 -0.0231160487 -0.0605208718 0.0887244111 0.2398943504 0.1733570190 0.2757456419 0.0725632892 0.0445348106 0.0300411575 0.0217500312 0.0172153833 0.0241155564 0.1353152907 0.0129910756 0.0030957889 -0.0877647087 0.1359516876 -0.0743833960  
0.0022002169 0.0145184440 0.0056912269 0.0016830046 0.0025059690 0.0021651276 0.0102101786 0.0358410516 0.0152527912 0.0262928568 0.0080588011 0.0046800915 0.0029714921 0.0015011371 0.0018464674 0.0015533282 0.0129910756 0.0031737762 0.0017543746 -0.0052603080 0.0149411394 -0.0056313672  
0.0310682358 0.0092262307 0.0053779505 0.0088395729 0.0040099541 0.0067054101 0.0003366119 0.0104490315 0.0014621910 0.0050869052 -0.0004873367 0.0007871333 0.0003356840 -0.0008792813 0.0002166508 -0.0007426081 0.0030957889 0.0017543746 0.0013684472 0.0020487877 0.0046857665 0.0013242396  
0.7296931171 0.0367753750 0.0484180635 0.1797611938 0.0540831968 0.1171319794 -0.0679026501 -0.1470885675 -0.1414753783 -0.1853660954 -0.1363950460 -0.0464168997 -0.0352441940 -0.0524603498 -0.0252734229 -0.0506303885 -0.0877647087 -0.0052603080 0.0020487877 0.1487884836 -0.1233175923 0.0607296745  
-0.6820114517 0.0399670987 -0.0098080862 -0.1249622604 -0.0323811985 -0.0770074805 0.0684264264 0.1865182136 0.1816129724 0.2677821233 0.0972189172 0.0538906267 0.0381290191 0.0376232654 0.0245968482 0.0410779906 0.1359516876 0.0149411394 0.0046857665 -0.1233175923 0.2005855779 -0.0641525249  
0.3006110237 -0.0203796151 0.0135778376 0.0867322761 0.0263359083 0.0607923315 -0.1077884302 -0.2237485443 -0.1165757621 -0.1696590201 -0.0764455320 -0.0314344384 -0.0222910109 -0.0241711856 -0.0136797140 -0.0220509349 -0.0743833960 -0.0056313672 0.0013242396 0.0607296745 -0.0641525249 0.0849991341  
1.0397705398 0.1138486495 0.1291196509 0.4204344498 0.1342169964 0.3059491742 -0.0542122430 -0.0608777883 -0.3011957246 -0.3082578401 -0.9432262669 -0.1578635598 -0.1798652998 -0.6231228947 -0.1535046967 -0.5197922551 -0.2351290008 0.0239016047 -0.0002681193 0.5329456707 -0.5327551890 0.2557321572  
0.1138486495 0.0178087639 0.0177524418 0.0483658981 0.0170804216 0.0365785586 -0.0067492163 0.0018369308 -0.0418295710 -0.0276799798 -0.1427784402 -0.0356268081 -0.0274247256 -0.0796917462 -0.0201548025 -0.0638244673 -0.0141075350 0.0040805664 0.0008704398 0.0501893103 -0.0524195561 0.0191912973  
0.1291196509 0.0177524418 0.0201293449 0.0575069338 0.0210683692 0.0453866639 -0.0185528488 -0.0102612017 -0.0616288014 -0.0453103692 -0.1570370066 -0.0503398336 -0.0329456267 -0.0847041782 -0.0210071353 -0.0655723704 -0.0268442689 0.0055108200 0.0027933637 0.0550911640 -0.0557924851 0.0388394400  
0.4204344498 0.0483658981 0.0575069338 0.1925049248 0.0644901188 0.1554735936 -0.0471576912 -0.0342604233 -0.1572660563 -0.1445236112 -0.4237439375 -0.1176987501 -0.0972863113 -0.2467179540 -0.0682856557 -0.1933896596 -0.1318353749 0.0049986794 0.0033442901 0.1903136925 -0.1681318996 0.1324441887  
0.1342169964 0.0170804216 0.0210683692 0.0644901188 0.0245681298 0.0555764250 -0.0268605126 -0.0166188085 -0.0753855738 -0.0568735303 -0.1582487565 -0.0667993619 -0.0398426110 -0.0793987700 -0.0220170955 -0.0584380738 -0.0448744436 0.0044108421 0.0044478885 0.0481585685 -0.0469717451 0.0562132956  
0.3059491742 0.0365785586 0.0453866639 0.1554735936 0.0555764250 0.1393722823 -0.0511444979 -0.0290440548 -0.1452282605 -0.1194838758 -0.3386903028 -0.1412337810 -0.0957487593 -0.1713072289 -0.0561543681 -0.1243638909 -0.1287194286 -0.0007134958 0.0057857816 0.1080456211 -0.0855028947 0.1255554499  
-0.0542122430 -0.0067492163 -0.0185528488 -0.0471576912 -0.0268605126 -0.0511444979 0.1082298400 0.0781871220 0.1946965351 0.1249054788 0.1692685188 0.1600156749 0.0497513423 0.0318598571 0.0050533315 0.0012739343 0.0653006102 -0.0133548947 -0.0164272200 0.0139216038 -0.0139647949 -0.1261186666  
-0.0608777883 0.0018369308 -0.0102612017 -0.0342604233 -0.0166188085 -0.0290440548 0.0781871220 0.0811390946 0.1338986011 0.1129763437 0.0695129075 0.0795599477 0.0190541280 0.0216179360 -0.0030814063 0.0058977411 0.0588140915 -0.0122785369 -0.0113917223 -0.0253351895 0.0349408821 -0.1066646561  
-0.3011957246 -0.0418295710 -0.0616288014 -0.1572660563 -0.0753855738 -0.1452282605 0.1946965351 0.1338986011 0.4712573962 0.2988491666 0.5278902335 0.4473710017 0.1661404393 0.1786082309 0.0469436806 0.0997130568 0.1870477529 -0.0282859271 -0.0311565454 -0.0101928296 0.1289978052 -0.3091466408  
-0.3082578401 -0.0276799798 -0.0453103692 -0.1445236112 -0.0568735303 -0.1194838758 0.1249054788 0.1129763437 0.2988491666 0.2477106826 0.3073495856 0.2245478628 0.0929581489 0.1461262314 0.0333548122 0.0999168586 0.1947639511 -0.0174603681 -0.0179243657 -0.0940465310 0.1606060162 -0.2351910604  
-0.9432262669 -0.1427784402 -0.1570370066 -0.4237439375 -0.1582487565 -0.3386903028 0.1692685188 0.0695129075 0.5278902335 0.3073495856 1.7003141898 0.5703135880 0.3614792876 0.8636736940 0.2324072730 0.6537506541 0.0708235577 -0.0357874728 -0.0043191199 -0.4853020951 0.4045196070 -0.2122064205  
-0.1578635598 -0.0356268081 -0.0503398336 -0.1176987501 -0.0667993619 -0.1412337810 0.1600156749 0.0795599477 0.4473710017 0.2245478628 0.5703135880 0.6941186741 0.2712664742 0.1336401040 0.0748794239 0.0347386180 0.1983265675 -0.0028731486 -0.0253996779 0.1676033449 0.0276670427 -0.3029869874  
-0.1798652998 -0.0274247256 -0.0329456267 -0.0972863113 -0.0398426110 -0.0957487593 0.0497513423 0.0190541280 0.1661404393 0.0929581489 0.3614792876 0.2712664742 0.1375640700 0.1500385913 0.0612809376 0.0945258339 0.0918712931 0.0044409553 -0.0032528937 -0.0143353296 0.0596381040 -0.1139677889  
-0.6231228947 -0.0796917462 -0.0847041782 -0.2467179540 -0.0793987700 -0.1713072289 0.0318598571 0.0216179360 0.1786082309 0.1461262314 0.8636736940 0.1336401040 0.1500385913 0.5425162903 0.1336686474 0.4456172723 0.0226848043 -0.0194936916 0.0107459184 -0.4084348582 0.3414020436 -0.0558936520  
-0.1535046967 -0.0201548025 -0.0210071353 -0.0682856557 -0.0220170955 -0.0561543681 0.0050533315 -0.0030814063 0.0469436806 0.0333548122 0.2324072730 0.0748794239 0.0612809376 0.1336686474 0.0440134256 0.1050294046 0.0303930744 0.0037914160 0.0050279172 -0.0797132087 0.0678733546 -0.0237848962  
-0.5197922551 -0.0638244673 -0.0655723704 -0.1933896596 -0.0584380738 -0.1243638909 0.0012739343 0.0058977411 0.0997130568 0.0999168586 0.6537506541 0.0347386180 0.0945258339 0.4456172723 0.1050294046 0.3798356844 0.0018491661 -0.0164310014 0.0129762335 -0.3671290445 0.3076676029 -0.0142240661  
-0.2351290008 -0.0141075350 -0.0268442689 -0.1318353749 -0.0448744436 -0.1287194286 0.0653006102 0.0588140915 0.1870477529 0.1947639511 0.0708235577 0.1983265675 0.0918712931 0.0226848043 0.0303930744 0.0018491661 0.3181652419 0.0171623254 -0.0078059609 0.0029283312 0.0685677245 -0.2279977705  
0.0239016047 0.0040805664 0.0055108200 0.0049986794 0.0044108421 -0.0007134958 -0.0133548947 -0.0122785369 -0.0282859271 -0.0174603681 -0.0357874728 -0.0028731486 0.0044409553 -0.0194936916 0.0037914160 -0.0164310014 0.0171623254 0.0107095013 0.0047429533 0.0175625800 -0.0232637772 0.0087153633  
-0.0002681193 0.0008704398 0.0027933637 0.0033442901 0.0044478885 0.0057857816 -0.0164272200 -0.0113917223 -0.0311565454 -0.0179243657 -0.0043191199 -0.0253996779 -0.0032528937 0.0107459184 0.0050279172 0.0129762335 -0.0078059609 0.0047429533 0.0054206695 -0.0167180652 0.0072211872 0.0231975590  
0.5329456707 0.0501893103 0.0550911640 0.1903136925 0.0481585685 0.1080456211 0.0139216038 -0.0253351895 -0.0101928296 -0.0940465310 -0.4853020951 0.1676033449 -0.0143353296 -0.4084348582 -0.0797132087 -0.3671290445 0.0029283312 0.0175625800 -0.0167180652 0.4832387848 -0.3305292992 -0.0202232155  
-0.5327551890 -0.0524195561 -0.0557924851 -0.1681318996 -0.0469717451 -0.0855028947 -0.0139647949 0.0349408821 0.1289978052 0.1606060162 0.4045196070 0.0276670427 0.0596381040 0.3414020436 0.0678733546 0.3076676029 0.0685677245 -0.0232637772 0.0072211872 -0.3305292992 0.4694193075 -0.0920928907  
0.2557321572 0.0191912973 0.0388394400 0.1324441887 0.0562132956 0.1255554499 -0.1261186666 -0.1066646561 -0.3091466408 -0.2351910604 -0.2122064205 -0.3029869874 -0.1139677889 -0.0558936520 -0.0237848962 -0.0142240661 -0.2279977705 0.0087153633 0.0231975590 -0.0202232155 -0.0920928907 0.3367664068  
0.2937036629 0.0786622921 0.0533383672 0.1144550923 0.0437802463 0.1016203437 0.0667505939 0.1074829556 -0.0363335483 0.0289414413 -0.2451447188 -0.1293505312 -0.1040768226 -0.1356646533 -0.0721385772 -0.1125465477 -0.0159041433 -0.0219826904 -0.0071667581 0.0869252456 -0.0918805824 0.0227623749  
0.0786622921 0.1003848329 0.0526223758 0.0295821257 0.0257831432 0.0179135828 0.0202499683 0.0793819170 -0.0156669902 0.0533144569 -0.1008353827 -0.0593897265 -0.0384630652 -0.0550071093 -0.0240351734 -0.0464742853 0.1494495656 0.0110736520 0.0019295220 -0.0101361273 -0.0073028634 -0.0610604515  
0.0533383672 0.0526223758 0.0317404206 0.0231834029 0.0188979052 0.0173843435 -0.0040063900 0.0330666799 -0.0261452865 0.0165897478 -0.0884416520 -0.0382897652 -0.0234002275 -0.0407853968 -0.0142736684 -0.0333553153 0.1008112489 0.0117408876 0.0044811610 0.0036683691 0.0052355523 -0.0318076418  
0.1144550923 0.0295821257 0.0231834029 0.0652590458 0.0246062399 0.0705986585 -0.0052892470 0.0299063039 -0.0442807860 -0.0079128173 -0.1511408430 -0.0829770557 -0.0626921271 -0.0627619171 -0.0391544597 -0.0410383670 -0.0885828153 -0.0200409327 -0.0029040365 0.0325226593 0.0230096539 0.0280999197  
0.0437802463 0.0257831432 0.0188979052 0.0246062399 0.0156472857 0.0250613580 -0.0171812633 0.0092791012 -0.0329811723 -0.0068916886 -0.0810493279 -0.0325391842 -0.0205741673 -0.0317831232 -0.0118679872 -0.0230189686 0.0319633275 0.0057873616 0.0046983694 0.0101802234 0.0188085376 -0.0073407452  
0.1016203437 0.0179135828 0.0173843435 0.0705986585 0.0250613580 0.0846996971 -0.0242460739 0.0157052940 -0.0563435928 -0.0231412316 -0.1600369107 -0.0893806033 -0.0675042578 -0.0568591557 -0.0402887680 -0.0297421194 -0.1520733181 -0.0277696684 -0.0025309181 0.0291551771 0.0596266305 0.0442167990  
0.0667505939 0.0202499683 -0.0040063900 -0.0052892470 -0.0171812633 -0.0242460739 0.1849703852 0.1437729638 0.1822748464 0.1897434687 0.1111840643 0.0336629317 -0.0083312361 -0.0156570243 -0.0212394737 -0.0336358983 0.1435881327 -0.0278793845 -0.0240717095 0.0170588030 -0.1490622485 -0.0566898865  
0.1074829556 0.0793819170 0.0330666799 0.0299063039 0.0092791012 0.0157052940 0.1437729638 0.1736287462 0.1282927658 0.2073968854 -0.0495661591 -0.0262072327 -0.0440524493 -0.0629624719 -0.0395159188 -0.0602218446 0.2426680010 -0.0184654537 -0.0157407760 0.0116616986 -0.0618118558 -0.0932985514  
-0.0363335483 -0.0156669902 -0.0261452865 -0.0442807860 -0.0329811723 -0.0563435928 0.1822748464 0.1282927658 0.2503608892 0.2476656405 0.1932763448 0.1281439599 0.0469952108 0.0269348451 0.0098607733 -0.0000986956 0.3099087618 -0.0141147689 -0.0190918684 0.0051679167 -0.0868974355 -0.1102488767  
0.0289414413 0.0533144569 0.0165897478 -0.0079128173 -0.0068916886 -0.0231412316 0.1897434687 0.2073968854 0.2476656405 0.3525652606 -0.0039292698 0.0752857160 0.0058744156 -0.0523069784 -0.0194134979 -0.0597212466 0.6090458996 -0.0015436514 -0.0147418821 0.0160436039 -0.0265850233 -0.1892643960  
-0.2451447188 -0.1008353827 -0.0884416520 -0.1511408430 -0.0810493279 -0.1600369107 0.1111840643 -0.0495661591 0.1932763448 -0.0039292698 0.6442880010 0.2255437835 0.1506908797 0.2222529381 0.0912882184 0.1477566184 -0.2047146670 -0.0109549411 -0.0177448934 -0.0891436225 -0.1812252143 0.0155039574  
-0.1293505312 -0.0593897265 -0.0382897652 -0.0829770557 -0.0325391842 -0.0893806033 0.0336629317 -0.0262072327 0.1281439599 0.0752857160 0.2255437835 0.2164421843 0.1334757244 0.0832849523 0.0718309014 0.0435738709 0.3592626212 0.0452693744 0.0110429480 -0.0005664400 -0.0196457274 -0.1026750674  
-0.1040768226 -0.0384630652 -0.0234002275 -0.0626921271 -0.0205741673 -0.0675042578 -0.0083312361 -0.0440524493 0.0469952108 0.0058744156 0.1506908797 0.1334757244 0.0941799055 0.0672208212 0.0562836187 0.0403069556 0.1973551709 0.0392997352 0.0120090705 -0.0126901346 -0.0076938244 -0.0560725895  
-0.1356646533 -0.0550071093 -0.0407853968 -0.0627619171 -0.0317831232 -0.0568591557 -0.0156570243 -0.0629624719 0.0269348451 -0.0523069784 0.2222529381 0.0832849523 0.0672208212 0.1120702506 0.0489861180 0.0911757609 -0.1685208626 -0.0017474307 -0.0007657091 -0.0484755500 0.0046086919 0.0270247926  
-0.0721385772 -0.0240351734 -0.0142736684 -0.0391544597 -0.0118679872 -0.0402887680 -0.0212394737 -0.0395159188 0.0098607733 -0.0194134979 0.0912882184 0.0718309014 0.0562836187 0.0489861180 0.0371331784 0.0344651889 0.0693799502 0.0242819314 0.0089953175 -0.0148319772 0.0070596911 -0.0225460266  
-0.1125465477 -0.0464742853 -0.0333553153 -0.0410383670 -0.0230189686 -0.0297421194 -0.0336358983 -0.0602218446 -0.0000986956 -0.0597212466 0.1477566184 0.0435738709 0.0403069556 0.0911757609 0.0344651889 0.0835532630 -0.2170452782 -0.0107338503 -0.0011271714 -0.0432663991 0.0429357827 0.0421966503  
-0.0159041433 0.1494495656 0.1008112489 -0.0885828153 0.0319633275 -0.1520733181 0.1435881327 0.2426680010 0.3099087618 0.6090458996 -0.2047146670 0.3592626212 0.1973551709 -0.1685208626 0.0693799502 -0.2170452782 2.6311367196 0.2328535904 0.0609311479 0.0804696606 -0.0029684576 -0.6393619379  
-0.0219826904 0.0110736520 0.0117408876 -0.0200409327 0.0057873616 -0.0277696684 -0.0278793845 -0.0184654537 -0.0141147689 -0.0015436514 -0.0109549411 0.0452693744 0.0392997352 -0.0017474307 0.0242819314 -0.0107338503 0.2328535904 0.0440298461 0.0162742229 0.0025434507 0.0034207168 -0.0573288079  
-0.0071667581 0.0019295220 0.0044811610 -0.0029040365 0.0046983694 -0.0025309181 -0.0240717095 -0.0157407760 -0.0190918684 -0.0147418821 -0.0177448934 0.0110429480 0.0120090705 -0.0007657091 0.0089953175 -0.0011271714 0.0609311479 0.0162742229 0.0082109981 0.0015691812 0.0174114453 -0.0139518789  
0.0869252456 -0.0101361273 0.0036683691 0.0325226593 0.0101802234 0.0291551771 0.0170588030 0.0116616986 0.0051679167 0.0160436039 -0.0891436225 -0.0005664400 -0.0126901346 -0.0484755500 -0.0148319772 -0.0432663991 0.0804696606 0.0025434507 0.0015691812 0.0686383390 -0.0248372314 0.0002181258  
-0.0918805824 -0.0073028634 0.0052355523 0.0230096539 0.0188085376 0.0596266305 -0.1490622485 -0.0618118558 -0.0868974355 -0.0265850233 -0.1812252143 -0.0196457274 -0.0076938244 0.0046086919 0.0070596911 0.0429357827 -0.0029684576 0.0034207168 0.0174114453 -0.0248372314 0.3167752325 -0.0068197729  
0.0227623749 -0.0610604515 -0.0318076418 0.0280999197 -0.0073407452 0.0442167990 -0.0566898865 -0.0932985514 -0.1102488767 -0.1892643960 0.0155039574 -0.1026750674 -0.0560725895 0.0270247926 -0.0225460266 0.0421966503 -0.6393619379 -0.0573288079 -0.0139518789 0.0002181258 -0.0068197729 0.2364973858  
0.4295827976 0.0488521102 0.0369187269 0.1229817458 0.0323018460 0.0642171758 0.2100135581 0.0831501851 0.0750858943 -0.0520710866 0.3680677900 -0.2428481907 -0.0658266356 -0.0221620677 -0.0138556893 -0.0227332747 -0.0973732502 0.0000820787 0.0016854827 -0.0078753646 -0.3631007010 0.0828945984  
0.0488521102 0.0093473593 0.0071131260 0.0160250873 0.0063668752 0.0111151499 0.0240635051 0.0149668196 0.0071914256 0.0021168604 0.0533825459 -0.0077559813 0.0004649290 0.0050674204 0.0029620369 0.0030596630 -0.0012082269 0.0037303479 0.0034453103 -0.0020513376 -0.0291287303 0.0104967191  
0.0369187269 0.0071131260 0.0080999428 0.0207796224 0.0097772335 0.0201749818 -0.0040309656 -0.0004815352 -0.0315382927 -0.0144743153 0.0142446948 -0.0218148741 -0.0010134306 0.0119288338 0.0046940543 0.0105162857 -0.0085276907 0.0053335540 0.0061388673 -0.0073955793 0.0036054640 0.0341123787  
0.1229817458 0.0160250873 0.0207796224 0.0658273921 0.0270738180 0.0600968830 -0.0117774209 -0.0119483813 -0.0952262806 -0.0642112890 0.0270195251 -0.1156260465 -0.0212903897 0.0216438845 0.0052101585 0.0218311724 -0.0507966714 0.0096109766 0.0133649965 -0.0200577020 -0.0120942132 0.1060106464  
0.0323018460 0.0063668752 0.0097772335 0.0270738180 0.0137937124 0.0298140878 -0.0266229426 -0.0129621685 -0.0665436593 -0.0299569142 -0.0050196169 -0.0335046577 -0.0013556221 0.0209861811 0.0072305621 0.0189923772 -0.0159990570 0.0074106353 0.0091943278 -0.0126608816 0.0296186757 0.0578049807  
0.0642171758 0.0111151499 0.0201749818 0.0600968830 0.0298140878 0.0675236715 -0.0662483254 -0.0346951076 -0.1480356727 -0.0726460470 -0.0514885893 -0.0933754151 -0.0107922060 0.0373239679 0.0119268568 0.0372440100 -0.0429313441 0.0141895084 0.0188174177 -0.0260606808 0.0743168805 0.1250067932  
0.2100135581 0.0240635051 -0.0040309656 -0.0117774209 -0.0266229426 -0.0662483254 0.3465785862 0.1616333098 0.4596758953 0.1206976532 0.4597973764 -0.0595610737 -0.0435455301 -0.0945090257 -0.0354527587 -0.0853649358 -0.0027673647 -0.0251881588 -0.0315640466 0.0426906667 -0.3914535194 -0.2343343875  
0.0831501851 0.0149668196 -0.0004815352 -0.0119483813 -0.0129621685 -0.0346951076 0.1616333098 0.0930179473 0.2339178090 0.0930737968 0.1815410968 0.0431897507 -0.0047327409 -0.0548870759 -0.0151268439 -0.0498207114 0.0338619768 -0.0086285928 -0.0137021949 0.0345193509 -0.1666535894 -0.1456280917  
0.0750858943 0.0071914256 -0.0315382927 -0.0952262806 -0.0665436593 -0.1480356727 0.4596758953 0.2339178090 0.8049054838 0.2619403905 0.5054962136 0.0594388355 -0.0456736457 -0.1912240640 -0.0668756887 -0.1621915036 0.0585054693 -0.0488122051 -0.0605408878 0.1105081439 -0.4132407160 -0.5321854949  
-0.0520710866 0.0021168604 -0.0144743153 -0.0642112890 -0.0299569142 -0.0726460470 0.1206976532 0.0930737968 0.2619403905 0.1589741725 0.0301843134 0.1952490808 0.0270357589 -0.0767329285 -0.0157751968 -0.0686740661 0.1036323441 -0.0105505505 -0.0193657246 0.0593405802 -0.0859887525 -0.2311208589  
0.3680677900 0.0533825459 0.0142446948 0.0270195251 -0.0050196169 -0.0514885893 0.4597973764 0.1815410968 0.5054962136 0.0301843134 5.1641317107 0.5951922025 0.2578692903 0.5890731597 0.1200633270 0.2540211033 -0.1396436025 0.0113001976 0.0026184526 0.0662521360 -0.4300721153 -0.1327932473  
-0.2428481907 -0.0077559813 -0.0218148741 -0.1156260465 -0.0335046577 -0.0933754151 -0.0595610737 0.0431897507 0.0594388355 0.1952490808 0.5951922025 0.6926692883 0.1883497363 0.0938392913 0.0448021506 0.0187582424 0.2042466274 0.0138681267 -0.0007387766 0.0898310884 0.1221973713 -0.2027339467  
-0.0658266356 0.0004649290 -0.0010134306 -0.0212903897 -0.0013556221 -0.0107922060 -0.0435455301 -0.0047327409 -0.0456736457 0.0270357589 0.2578692903 0.1883497363 0.0642356277 0.0704134993 0.0260135955 0.0374260637 0.0456344510 0.0111565564 0.0083147125 0.0062521843 0.0696805649 0.0020868817  
-0.0221620677 0.0050674204 0.0119288338 0.0216438845 0.0209861811 0.0373239679 -0.0945090257 -0.0548870759 -0.1912240640 -0.0767329285 0.5890731597 0.0938392913 0.0704134993 0.1845302633 0.0535344173 0.1205119019 -0.0294902421 0.0240157831 0.0269062236 -0.0452065997 0.1301683872 0.1654165729  
-0.0138556893 0.0029620369 0.0046940543 0.0052101585 0.0072305621 0.0119268568 -0.0354527587 -0.0151268439 -0.0668756887 -0.0157751968 0.1200633270 0.0448021506 0.0260135955 0.0535344173 0.0182383376 0.0364127284 0.0029688496 0.0095622972 0.0099383884 -0.0141122798 0.0501577724 0.0506074369  
-0.0227332747 0.0030596630 0.0105162857 0.0218311724 0.0189923772 0.0372440100 -0.0853649358 -0.0498207114 -0.1621915036 -0.0686740661 0.2540211033 0.0187582424 0.0374260637 0.1205119019 0.0364127284 0.0871291291 -0.0279377451 0.0185194657 0.0219323885 -0.0425943919 0.1206269960 0.1389897539  
-0.0973732502 -0.0012082269 -0.0085276907 -0.0507966714 -0.0159990570 -0.0429313441 -0.0027673647 0.0338619768 0.0585054693 0.1036323441 -0.1396436025 0.2042466274 0.0456344510 -0.0294902421 0.0029688496 -0.0279377451 0.1061215438 0.0027557923 -0.0040429369 0.0304419893 0.0334021438 -0.1040525571  
0.0000820787 0.0037303479 0.0053335540 0.0096109766 0.0074106353 0.0141895084 -0.0251881588 -0.0086285928 -0.0488122051 -0.0105505505 0.0113001976 0.0138681267 0.0111565564 0.0240157831 0.0095622972 0.0185194657 0.0027557923 0.0069869068 0.0073652377 -0.0088952506 0.0353395576 0.0354583089  
0.0016854827 0.0034453103 0.0061388673 0.0133649965 0.0091943278 0.0188174177 -0.0315640466 -0.0137021949 -0.0605408878 -0.0193657246 0.0026184526 -0.0007387766 0.0083147125 0.0269062236 0.0099383884 0.0219323885 -0.0040429369 0.0073652377 0.0084760262 -0.0121248174 0.0429282937 0.0464545412  
-0.0078753646 -0.0020513376 -0.0073955793 -0.0200577020 -0.0126608816 -0.0260606808 0.0426906667 0.0345193509 0.1105081439 0.0593405802 0.0662521360 0.0898310884 0.0062521843 -0.0452065997 -0.0141122798 -0.0425943919 0.0304419893 -0.0088952506 -0.0121248174 0.0512977979 -0.0469365557 -0.1187821210  
-0.3631007010 -0.0291287303 0.0036054640 -0.0120942132 0.0296186757 0.0743168805 -0.3914535194 -0.1666535894 -0.4132407160 -0.0859887525 -0.4300721153 0.1221973713 0.0696805649 0.1301683872 0.0501577724 0.1206269960 0.0334021438 0.0353395576 0.0429282937 -0.0469365557 0.6398442832 0.1880804413  
0.0828945984 0.0104967191 0.0341123787 0.1060106464 0.0578049807 0.1250067932 -0.2343343875 -0.1456280917 -0.5321854949 -0.2311208589 -0.1327932473 -0.2027339467 0.0020868817 0.1654165729 0.0506074369 0.1389897539 -0.1040525571 0.0354583089 0.0464545412 -0.1187821210 0.1880804413 0.4719646111  
1.2003756625 1.0197863267 0.6380161233 0.5117532795 0.3530279099 0.2922144316 -0.0436506701 0.0131895565 -0.2208115469 -0.2341799048 -0.4396488617 -0.1521913788 -0.1230796132 -0.2620437586 -0.0788188845 -0.2307197667 -0.2902010847 0.0760920674 0.0537596631 -0.0341059879 -0.1659036878 0.0004588096  
1.0197863267 1.4753446140 0.9012123701 0.4554440047 0.4631452178 0.1771808220 -0.0775863952 0.0782038049 -0.1960929456 -0.1417655374 -0.4920517117 -0.1316858622 -0.1133647375 -0.2891839449 -0.0788944535 -0.2633513901 -0.1447355596 0.1384847442 0.0727162698 -0.2481267584 -0.0079102233 -0.3548419173  
0.6380161233 0.9012123701 0.6887529655 0.3779463217 0.3978902556 0.1811931824 -0.1876860342 -0.1141529523 -0.2368767433 -0.2201373492 -0.3978653793 -0.1088351820 -0.0853598697 -0.1943057432 -0.0523645149 -0.1688773151 -0.1912112066 0.1101343231 0.0695429791 -0.1960358535 0.0986781481 -0.1956095791  
0.5117532795 0.4554440047 0.3779463217 0.2921592398 0.2333413323 0.1759691236 -0.1222238636 -0.1026191658 -0.1758834989 -0.1833192058 -0.2748688118 -0.0845553221 -0.0639445472 -0.1280835580 -0.0372821705 -0.1053060324 -0.1788229150 0.0511118358 0.0395480362 -0.0415673568 0.0262118237 0.0021706278  
0.3530279099 0.4631452178 0.3978902556 0.2333413323 0.2432198286 0.1240857416 -0.1413319793 -0.1136240708 -0.1633706468 -0.1644900004 -0.2331780225 -0.0673080608 -0.0505917357 -0.1063272773 -0.0286837144 -0.0903317721 -0.1439364110 0.0645330780 0.0448065974 -0.1113102818 0.0754770851 -0.0805867380  
0.2922144316 0.1771808220 0.1811931824 0.1759691236 0.1240857416 0.1213068044 -0.0832097242 -0.0878608017 -0.1151556097 -0.1305579060 -0.1527442309 -0.0519101093 -0.0374350771 -0.0655185655 -0.0198587764 -0.0507169393 -0.1315395809 0.0220076406 0.0223317421 0.0041108956 0.0135749974 0.0574524210  
-0.0436506701 -0.0775863952 -0.1876860342 -0.1222238636 -0.1413319793 -0.0832097242 0.1810615989 0.1743919046 0.1488657616 0.1543714648 0.1544952668 0.0372696552 0.0223946037 0.0276511616 0.0069642275 0.0104764488 0.1205603306 -0.0323901701 -0.0296946276 0.0748927985 -0.1783395811 0.0129700104  
0.0131895565 0.0782038049 -0.1141529523 -0.1026191658 -0.1136240708 -0.0878608017 0.1743919046 0.2247958237 0.1410685616 0.1831306883 0.0530576630 0.0260224393 0.0097754591 -0.0128947729 -0.0059246798 -0.0213426390 0.1589841938 -0.0233645822 -0.0308757091 0.0439726131 -0.1264495264 -0.0843578788  
-0.2208115469 -0.1960929456 -0.2368767433 -0.1758834989 -0.1633706468 -0.1151556097 0.1488657616 0.1410685616 0.1571682444 0.1673857639 0.1906283719 0.0567364230 0.0385677062 0.0634242342 0.0180066231 0.0446764388 0.1516391702 -0.0361641479 -0.0321499563 0.0562361546 -0.1015051747 -0.0074804621  
-0.2341799048 -0.1417655374 -0.2201373492 -0.1833192058 -0.1644900004 -0.1305579060 0.1543714648 0.1831306883 0.1673857639 0.2112696508 0.1243297531 0.0551668984 0.0343216617 0.0394952945 0.0107204271 0.0271079027 0.2125160503 -0.0347852447 -0.0377191676 0.0530251796 -0.0661740282 -0.0754166508  
-0.4396488617 -0.4920517117 -0.3978653793 -0.2748688118 -0.2331780225 -0.1527442309 0.1544952668 0.0530576630 0.1906283719 0.1243297531 0.4768389086 0.1001918994 0.0793758223 0.1844091863 0.0546981181 0.1387406615 0.0750177857 -0.0513503440 -0.0291081948 0.0465158771 -0.1499954512 0.1309762985  
-0.1521913788 -0.1316858622 -0.1088351820 -0.0845553221 -0.0673080608 -0.0519101093 0.0372696552 0.0260224393 0.0567364230 0.0551668984 0.1001918994 0.0296927223 0.0221089796 0.0444951792 0.0130583235 0.0353862126 0.0533326837 -0.0147171773 -0.0112296809 0.0103545676 -0.0086366573 0.0027867983  
-0.1230796132 -0.1133647375 -0.0853598697 -0.0639445472 -0.0505917357 -0.0374350771 0.0223946037 0.0097754591 0.0385677062 0.0343216617 0.0793758223 0.0221089796 0.0174566649 0.0374497825 0.0113295385 0.0307385005 0.0333010052 -0.0111426871 -0.0075566426 0.0085117913 -0.0030811737 0.0103305270  
-0.2620437586 -0.2891839449 -0.1943057432 -0.1280835580 -0.1063272773 -0.0655185655 0.0276511616 -0.0128947729 0.0634242342 0.0394952945 0.1844091863 0.0444951792 0.0374497825 0.0925698411 0.0273042068 0.0781336791 0.0291689723 -0.0264753470 -0.0135073365 0.0193119982 0.0019120438 0.0605929132  
-0.0788188845 -0.0788944535 -0.0523645149 -0.0372821705 -0.0286837144 -0.0198587764 0.0069642275 -0.0059246798 0.0180066231 0.0107204271 0.0546981181 0.0130583235 0.0113295385 0.0273042068 0.0086936128 0.0231009855 0.0094450547 -0.0061476803 -0.0029240159 0.0041846925 0.0008877330 0.0162038040  
-0.2307197667 -0.2633513901 -0.1688773151 -0.1053060324 -0.0903317721 -0.0507169393 0.0104764488 -0.0213426390 0.0446764388 0.0271079027 0.1387406615 0.0353862126 0.0307385005 0.0781336791 0.0231009855 0.0692606843 0.0220321486 -0.0238874899 -0.0116702039 0.0210385059 0.0225456540 0.0557729092  
-0.2902010847 -0.1447355596 -0.1912112066 -0.1788229150 -0.1439364110 -0.1315395809 0.1205603306 0.1589841938 0.1516391702 0.2125160503 0.0750177857 0.0533326837 0.0333010052 0.0291689723 0.0094450547 0.0220321486 0.2456299452 -0.0264075796 -0.0345343460 0.0430190344 -0.0140007885 -0.1145462881  
0.0760920674 0.1384847442 0.1101343231 0.0511118358 0.0645330780 0.0220076406 -0.0323901701 -0.0233645822 -0.0361641479 -0.0347852447 -0.0513503440 -0.0147171773 -0.0111426871 -0.0264753470 -0.0061476803 -0.0238874899 -0.0264075796 0.0205283428 0.0128844440 -0.0396968097 0.0176722823 -0.0379768260  
0.0537596631 0.0727162698 0.0695429791 0.0395480362 0.0448065974 0.0223317421 -0.0296946276 -0.0308757091 -0.0321499563 -0.0377191676 -0.0291081948 -0.0112296809 -0.0075566426 -0.0135073365 -0.0029240159 -0.0116702039 -0.0345343460 0.0128844440 0.0100524353 -0.0232697693 0.0127214400 -0.0066468294  
-0.0341059879 -0.2481267584 -0.1960358535 -0.0415673568 -0.1113102818 0.0041108956 0.0748927985 0.0439726131 0.0562361546 0.0530251796 0.0465158771 0.0103545676 0.0085117913 0.0193119982 0.0041846925 0.0210385059 0.0430190344 -0.0396968097 -0.0232697693 0.1712105977 -0.0860943399 0.1675756007  
-0.1659036878 -0.0079102233 0.0986781481 0.0262118237 0.0754770851 0.0135749974 -0.1783395811 -0.1264495264 -0.1015051747 -0.0661740282 -0.1499954512 -0.0086366573 -0.0030811737 0.0019120438 0.0008877330 0.0225456540 -0.0140007885 0.0176722823 0.0127214400 -0.0860943399 0.3103939314 -0.0823140220  
0.0004588096 -0.3548419173 -0.1956095791 0.0021706278 -0.0805867380 0.0574524210 0.0129700104 -0.0843578788 -0.0074804621 -0.0754166508 0.1309762985 0.0027867983 0.0103305270 0.0605929132 0.0162038040 0.0557729092 -0.1145462881 -0.0379768260 -0.0066468294 0.1675756007 -0.0823140220 0.3415868543  
0.3017277669 0.0395024329 -0.0002786101 -0.0278281339 -0.0457957966 -0.1225033388 0.2680408406 0.1869398281 0.2513885483 0.1810394640 0.0789863468 0.8712672560 0.2397749326 -0.0729081338 -0.0173922060 -0.2038369548 0.1231231743 -0.0205212175 -0.0587517276 0.2378540975 -0.5109932535 -0.3510643172  
0.0395024329 0.0055616667 0.0004054957 -0.0029329730 -0.0056826311 -0.0153269903 0.0353140235 0.0236507174 0.0315526062 0.0222269457 0.0310526602 0.0968433543 0.0269719051 -0.0040116639 -0.0025057647 -0.0228650553 0.0141395187 -0.0029985896 -0.0073607811 0.0247427046 -0.0640935903 -0.0355512251  
-0.0002786101 0.0004054957 0.0009295879 0.0022671514 0.0011427039 0.0029867189 -0.0014639823 -0.0023672734 -0.0042106861 -0.0038609344 0.0278045521 -0.0422994163 -0.0120908944 0.0041511491 -0.0014394363 0.0054240243 -0.0046526380 -0.0005126311 0.0008874067 -0.0095877016 0.0019615331 0.0177936387  
-0.0278281339 -0.0029329730 0.0022671514 0.0095609103 0.0076735873 0.0206112061 -0.0298196042 -0.0237296957 -0.0344961538 -0.0273534975 0.0564855969 -0.2012812072 -0.0590974074 0.0058464224 -0.0038540858 0.0289344256 -0.0243224665 0.0004950458 0.0077242550 -0.0405413397 0.0384866963 0.0714090238  
-0.0457957966 -0.0056826311 0.0011427039 0.0076735873 0.0087782162 0.0234167487 -0.0438334544 -0.0313900507 -0.0441078112 -0.0322939878 0.0027206647 -0.1850835809 -0.0525311484 0.0088720633 0.0000813740 0.0343848338 -0.0242060788 0.0026820733 0.0101066422 -0.0435322405 0.0769316976 0.0702898438  
-0.1225033388 -0.0153269903 0.0029867189 0.0206112061 0.0234167487 0.0628985213 -0.1176574610 -0.0840750036 -0.1181790634 -0.0864814274 0.0013520259 -0.4958644481 -0.1410910653 0.0212397354 -0.0000971866 0.0910081710 -0.0648286968 0.0071293172 0.0269597786 -0.1155599908 0.2033024657 0.1867316180  
0.2680408406 0.0353140235 -0.0014639823 -0.0298196042 -0.0438334544 -0.1176574610 0.2501418931 0.1688259397 0.2355062431 0.1639454661 0.2241260918 0.7849770008 0.2168975213 -0.0385583794 -0.0120797193 -0.1683920386 0.1089861928 -0.0196071151 -0.0537992270 0.2016426837 -0.4741010221 -0.3080872680  
0.1869398281 0.0236507174 -0.0023672734 -0.0237296957 -0.0313900507 -0.0840750036 0.1688259397 0.1231841486 0.1658113952 0.1240541123 -0.0700001632 0.6793624265 0.1907467077 -0.0530005283 -0.0054295227 -0.1426547180 0.0917729645 -0.0105915774 -0.0385584836 0.1729966174 -0.3021387379 -0.2661135749  
0.2513885483 0.0315526062 -0.0042106861 -0.0344961538 -0.0441078112 -0.1181790634 0.2355062431 0.1658113952 0.2332447040 0.1665072650 0.0760194057 0.8833516842 0.2442870909 -0.0595522085 -0.0071200181 -0.1807903366 0.1188686694 -0.0159975152 -0.0529393579 0.2270279709 -0.4476339560 -0.3574055763  
0.1810394640 0.0222269457 -0.0038609344 -0.0273534975 -0.0322939878 -0.0864814274 0.1639454661 0.1240541123 0.1665072650 0.1290126873 -0.1829183624 0.7640037740 0.2164708623 -0.0611659696 -0.0015818970 -0.1522026490 0.1008965208 -0.0084012314 -0.0387770917 0.1875169957 -0.2776497520 -0.2936970366  
0.0789863468 0.0310526602 0.0278045521 0.0564855969 0.0027206647 0.0013520259 0.2241260918 -0.0700001632 0.0760194057 -0.1829183624 6.1694606224 -3.0499636876 -0.9375975838 0.6076783808 -0.0786341157 0.5694233180 -0.3600790479 -0.0840878562 0.0058436816 -0.6470803056 -1.0771223320 0.9992075430  
0.8712672560 0.0968433543 -0.0422994163 -0.2012812072 -0.1850835809 -0.4958644481 0.7849770008 0.6793624265 0.8833516842 0.7640037740 -3.0499636876 5.5104377433 1.6050302276 -0.4430967356 0.0561897515 -0.9762470120 0.6933174061 -0.0076329470 -0.2091259654 1.2327394253 -0.9699237741 -2.0113959515  
0.2397749326 0.0269719051 -0.0120908944 -0.0590974074 -0.0525311484 -0.1410910653 0.2168975213 0.1907467077 0.2442870909 0.2164708623 -0.9375975838 1.6050302276 0.4750203388 -0.1072510137 0.0205115044 -0.2728577092 0.2005765178 -0.0006542612 -0.0583688664 0.3435420966 -0.2224267778 -0.5637110052  
-0.0729081338 -0.0040116639 0.0041511491 0.0058464224 0.0088720633 0.0212397354 -0.0385583794 -0.0530005283 -0.0595522085 -0.0611659696 0.6076783808 -0.4430967356 -0.1072510137 0.1768706466 0.0097181916 0.1391973407 -0.0602701468 -0.0025615253 0.0157846533 -0.1743804007 0.1591189963 0.2513804803  
-0.0173922060 -0.0025057647 -0.0014394363 -0.0038540858 0.0000813740 -0.0000971866 -0.0120797193 -0.0054295227 -0.0071200181 -0.0015818970 -0.0786341157 0.0561897515 0.0205115044 0.0097181916 0.0062678579 0.0040876086 0.0044627451 0.0026665565 0.0018187000 -0.0012865468 0.0526091375 -0.0070624319  
-0.2038369548 -0.0228650553 0.0054240243 0.0289344256 0.0343848338 0.0910081710 -0.1683920386 -0.1426547180 -0.1807903366 -0.1522026490 0.5694233180 -0.9762470120 -0.2728577092 0.1391973407 0.0040876086 0.2150473907 -0.1290725735 0.0053316718 0.0437330568 -0.2633667996 0.2969311148 0.4016588523  
0.1231231743 0.0141395187 -0.0046526380 -0.0243224665 -0.0242060788 -0.0648286968 0.1089861928 0.0917729645 0.1188686694 0.1008965208 -0.3600790479 0.6933174061 0.2005765178 -0.0602701468 0.0044627451 -0.1290725735 0.0886887431 -0.0023000823 -0.0282062878 0.1606531724 -0.1495740209 -0.2571189387  
-0.0205212175 -0.0029985896 -0.0005126311 0.0004950458 0.0026820733 0.0071293172 -0.0196071151 -0.0105915774 -0.0159975152 -0.0084012314 -0.0840878562 -0.0076329470 -0.0006542612 -0.0025615253 0.0026665565 0.0053316718 -0.0023000823 0.0026030965 0.0035931826 -0.0052225995 0.0476299540 0.0060519994  
-0.0587517276 -0.0073607811 0.0008874067 0.0077242550 0.0101066422 0.0269597786 -0.0537992270 -0.0385584836 -0.0529393579 -0.0387770917 0.0058436816 -0.2091259654 -0.0583688664 0.0157846533 0.0018187000 0.0437330568 -0.0282062878 0.0035931826 0.0123241500 -0.0537849604 0.1004864235 0.0833418536  
0.2378540975 0.0247427046 -0.0095877016 -0.0405413397 -0.0435322405 -0.1155599908 0.2016426837 0.1729966174 0.2270279709 0.1875169957 -0.6470803056 1.2327394253 0.3435420966 -0.1743804007 -0.0012865468 -0.2633667996 0.1606531724 -0.0052225995 -0.0537849604 0.3537425554 -0.3931765196 -0.5444130157  
-0.5109932535 -0.0640935903 0.0019615331 0.0384866963 0.0769316976 0.2033024657 -0.4741010221 -0.3021387379 -0.4476339560 -0.2776497520 -1.0771223320 -0.9699237741 -0.2224267778 0.1591189963 0.0526091375 0.2969311148 -0.1495740209 0.0476299540 0.1004864235 -0.3931765196 1.2807304474 0.5653061117  
-0.3510643172 -0.0355512251 0.0177936387 0.0714090238 0.0702898438 0.1867316180 -0.3080872680 -0.2661135749 -0.3574055763 -0.2936970366 0.9992075430 -2.0113959515 -0.5637110052 0.2513804803 -0.0070624319 0.4016588523 -0.2571189387 0.0060519994 0.0833418536 -0.5444130157 0.5653061117 0.8820497841  
0.0538551924 0.0183217119 0.0166728690 0.0253305548 0.0159096016 0.0286026965 -0.0389099981 0.0167236929 -0.1379496105 -0.0121571779 -0.3465552185 -0.0859368388 -0.0309855308 -0.0695408394 -0.0125110014 -0.0330715804 0.0094411752 0.0089639160 0.0074156720 0.0300528070 0.0164526223 0.0491821602  
0.0183217119 0.0156589502 0.0117802520 0.0049641189 0.0087162001 0.0083314911 0.0127173652 0.0366943143 -0.0191435382 0.0426728726 -0.0953638444 -0.0086708552 0.0047513481 -0.0045015552 0.0074767917 0.0037926006 0.0377267438 0.0122388425 0.0089854651 -0.0015509784 0.0343482915 0.0152647512  
