0.2349336826 0.0483852027 0.0296438535 0.0416051887 0.0144352135 0.0142511418 0.2283610720 0.1511079708 0.2019257835 0.1088182946 -0.5077827025 -0.0232119751 -0.0232094154 -0.1013717136 -0.0218790791 -0.0734628254 0.0457374753 0.0059089351 -0.0004343992 0.1394696346 -0.1407598275 -0.0854059352  
0.0483852027 0.0148330527 0.0102548059 0.0109684168 0.0067119226 0.0062230301 0.0555399210 0.0394698966 0.0512306010 0.0313730504 -0.0980714711 0.0089080490 0.0042102438 -0.0037307819 0.0019838610 -0.0031208625 0.0173176521 0.0060417334 0.0040333882 0.0114043630 -0.0016529269 -0.0051835926  
0.0296438535 0.0102548059 0.0074410297 0.0074792671 0.0051319759 0.0048432063 0.0356409135 0.0261324507 0.0331685392 0.0213085218 -0.0602289420 0.0086539843 0.0047816661 0.0018597881 0.0028387194 0.0010680867 0.0125754129 0.0049594064 0.0035510505 0.0030573524 0.0068703062 0.0006217884  
0.0416051887 0.0109684168 0.0074792671 0.0096720981 0.0047412329 0.0053290894 0.0413232522 0.0299128649 0.0368162778 0.0226776678 -0.1010800204 0.0004292050 -0.0006979094 -0.0119798534 -0.0013024736 -0.0083751293 0.0116837145 0.0033803128 0.0020056481 0.0206859035 -0.0059315716 -0.0060719849  
0.0144352135 0.0067119226 0.0051319759 0.0047412329 0.0039939701 0.0038500241 0.0194551318 0.0153999787 0.0185186818 0.0132674065 -0.0297789184 0.0086613319 0.0054008217 0.0067240638 0.0036413416 0.0047019017 0.0088783091 0.0041736166 0.0032525041 -0.0039076432 0.0146476725 0.0057515533  
0.0142511418 0.0062230301 0.0048432063 0.0053290894 0.0038500241 0.0047890426 0.0153656216 0.0135655343 0.0142037747 0.0113891010 -0.0430113944 0.0053437330 0.0035781101 0.0027863620 0.0024311311 0.0024325491 0.0077585222 0.0036432135 0.0028781515 0.0018094323 0.0173134533 0.0069740258  
0.2283610720 0.0555399210 0.0356409135 0.0413232522 0.0194551318 0.0153656216 0.2527483443 0.1662265093 0.2288572320 0.1258586090 -0.4387828127 0.0090301353 -0.0037332680 -0.0612485342 -0.0081665618 -0.0473044167 0.0598473095 0.0142171928 0.0065023385 0.0907228121 -0.1089442415 -0.0734596315  
0.1511079708 0.0394698966 0.0261324507 0.0299128649 0.0153999787 0.0135655343 0.1662265093 0.1146428137 0.1521088494 0.0870973152 -0.3059514194 0.0108129346 0.0012567526 -0.0342995341 -0.0025584188 -0.0261146431 0.0436108799 0.0120658187 0.0066666845 0.0558883679 -0.0483983461 -0.0380056909  
0.2019257835 0.0512306010 0.0331685392 0.0368162778 0.0185186818 0.0142037747 0.2288572320 0.1521088494 0.2150515396 0.1170080121 -0.3817542244 0.0155189143 0.0006102718 -0.0473813760 -0.0046785947 -0.0371264290 0.0567014737 0.0144100075 0.0072615600 0.0718958801 -0.0852807074 -0.0667496781  
0.1088182946 0.0313730504 0.0213085218 0.0226776678 0.0132674065 0.0113891010 0.1258586090 0.0870973152 0.1170080121 0.0696156201 -0.2118236721 0.0169860683 0.0067014375 -0.0137073280 0.0022779009 -0.0111331762 0.0363653414 0.0116454805 0.0072866819 0.0286505061 -0.0196110692 -0.0215672522  
-0.5077827025 -0.0980714711 -0.0602289420 -0.1010800204 -0.0297789184 -0.0430113944 -0.4387828127 -0.3059514194 -0.3817542244 -0.2118236721 1.4615704209 0.1149025435 0.0912430057 0.3138046410 0.0767686595 0.2188163001 -0.0815782287 -0.0008832842 0.0096132567 -0.4025491984 0.2465222060 0.1712261035  
-0.0232119751 0.0089080490 0.0086539843 0.0004292050 0.0086613319 0.0053437330 0.0090301353 0.0108129346 0.0155189143 0.0169860683 0.1149025435 0.0485925771 0.0318931104 0.0684551197 0.0233727203 0.0470898683 0.0191414298 0.0138391758 0.0121259426 -0.0763142510 0.0788918070 0.0388345054  
-0.0232094154 0.0042102438 0.0047816661 -0.0006979094 0.0054008217 0.0035781101 -0.0037332680 0.0012567526 0.0006102718 0.0067014375 0.0912430057 0.0318931104 0.0219956415 0.0489212835 0.0163585392 0.0340281111 0.0108970193 0.0090942868 0.0081842232 -0.0537897026 0.0589681568 0.0308287657  
-0.1013717136 -0.0037307819 0.0018597881 -0.0119798534 0.0067240638 0.0027863620 -0.0612485342 -0.0342995341 -0.0473813760 -0.0137073280 0.3138046410 0.0684551197 0.0489212835 0.1228561188 0.0377296615 0.0854319426 0.0098899217 0.0163020146 0.0160178567 -0.1407593713 0.1435701751 0.0801867010  
-0.0218790791 0.0019838610 0.0028387194 -0.0013024736 0.0036413416 0.0024311311 -0.0081665618 -0.0025584188 -0.0046785947 0.0022779009 0.0767686595 0.0233727203 0.0163585392 0.0377296615 0.0125044947 0.0264521853 0.0068505412 0.0064930649 0.0059835945 -0.0416229498 0.0465465547 0.0248318742  
-0.0734628254 -0.0031208625 0.0010680867 -0.0083751293 0.0047019017 0.0024325491 -0.0473044167 -0.0261146431 -0.0371264290 -0.0111331762 0.2188163001 0.0470898683 0.0340281111 0.0854319426 0.0264521853 0.0610845881 0.0062419880 0.0113380360 0.0112686217 -0.0976412053 0.1058010637 0.0579774446  
0.0457374753 0.0173176521 0.0125754129 0.0116837145 0.0088783091 0.0077585222 0.0598473095 0.0436108799 0.0567014737 0.0363653414 -0.0815782287 0.0191414298 0.0108970193 0.0098899217 0.0068505412 0.0062419880 0.0224333467 0.0092092721 0.0067516048 -0.0035183070 0.0160313826 0.0027822442  
0.0059089351 0.0060417334 0.0049594064 0.0033803128 0.0041736166 0.0036432135 0.0142171928 0.0120658187 0.0144100075 0.0116454805 -0.0008832842 0.0138391758 0.0090942868 0.0163020146 0.0064930649 0.0113380360 0.0092092721 0.0052974119 0.0043085123 -0.0153191292 0.0237720640 0.0111083912  
-0.0004343992 0.0040333882 0.0035510505 0.0020056481 0.0032525041 0.0028781515 0.0065023385 0.0066666845 0.0072615600 0.0072866819 0.0096132567 0.0121259426 0.0081842232 0.0160178567 0.0059835945 0.0112686217 0.0067516048 0.0043085123 0.0037401797 -0.0158385770 0.0242211872 0.0116715497  
0.1394696346 0.0114043630 0.0030573524 0.0206859035 -0.0039076432 0.0018094323 0.0907228121 0.0558883679 0.0718958801 0.0286505061 -0.4025491984 -0.0763142510 -0.0537897026 -0.1407593713 -0.0416229498 -0.0976412053 -0.0035183070 -0.0153191292 -0.0158385770 0.1843132865 -0.1583842755 -0.0927478751  
-0.1407598275 -0.0016529269 0.0068703062 -0.0059315716 0.0146476725 0.0173134533 -0.1089442415 -0.0483983461 -0.0852807074 -0.0196110692 0.2465222060 0.0788918070 0.0589681568 0.1435701751 0.0465465547 0.1058010637 0.0160313826 0.0237720640 0.0242211872 -0.1583842755 0.2962552557 0.1359806653  
-0.0854059352 -0.0051835926 0.0006217884 -0.0060719849 0.0057515533 0.0069740258 -0.0734596315 -0.0380056909 -0.0667496781 -0.0215672522 0.1712261035 0.0388345054 0.0308287657 0.0801867010 0.0248318742 0.0579774446 0.0027822442 0.0111083912 0.0116715497 -0.0927478751 0.1359806653 0.0876345771  
5.5274878929 0.2572596266 0.0719657141 0.2369732808 0.0563966627 0.0970805926 1.2541986858 1.9748914287 0.3365582086 0.1167514571 0.8335286346 0.0533953083 0.0794110030 0.3482526166 0.1059571318 0.2817152787 -0.2784565916 0.0399596495 0.0590307431 -0.0066449462 -0.7950441491 -0.5229430391  
0.2572596266 0.1709413045 0.0816131531 0.1348545966 0.0383120444 0.0709765143 0.0051701026 0.0130081356 0.0167823363 0.1106882743 -0.2311382090 -0.0166468894 -0.0258137274 -0.1270378221 -0.0368848855 -0.1246574559 0.1099839194 -0.0001720372 -0.0097023280 0.1443913960 -0.0520197115 0.0347649260  
0.0719657141 0.0816131531 0.0403663890 0.0663321707 0.0190761795 0.0357995037 -0.0155351521 -0.0200297568 0.0019275259 0.0510111937 -0.1275446397 -0.0093840193 -0.0138847228 -0.0676830517 -0.0194855955 -0.0653216562 0.0574502514 -0.0002973651 -0.0052232125 0.0743427980 -0.0154445580 0.0239835210  
0.2369732808 0.1348545966 0.0663321707 0.1153686723 0.0326174576 0.0626096899 -0.0093167034 -0.0039970125 0.0020581281 0.0761785816 -0.1949940147 -0.0155541210 -0.0211484881 -0.1011197780 -0.0287850986 -0.0974780191 0.0822423829 0.0004026278 -0.0066290874 0.1250223981 -0.0340921606 0.0329424771  
0.0563966627 0.0383120444 0.0190761795 0.0326174576 0.0094847547 0.0179052220 -0.0057543586 -0.0056963769 -0.0000039049 0.0217640744 -0.0574179646 -0.0044314404 -0.0061313844 -0.0297553278 -0.0084140501 -0.0286266385 0.0247050801 0.0001614198 -0.0019657467 0.0354817282 -0.0075696633 0.0106430584  
0.0970805926 0.0709765143 0.0357995037 0.0626096899 0.0179052220 0.0355446003 -0.0185796357 -0.0207923474 -0.0048420496 0.0363092977 -0.1129416842 -0.0092322023 -0.0119082273 -0.0561731592 -0.0158910917 -0.0534455089 0.0445200465 0.0001914770 -0.0035938930 0.0685483494 -0.0091256463 0.0238578548  
1.2541986858 0.0051701026 -0.0155351521 -0.0093167034 -0.0057543586 -0.0185796357 0.3850573476 0.5693130520 0.1223635547 0.0348577323 0.3233789498 0.0245139096 0.0285420177 0.1251839770 0.0353655038 0.1014094997 -0.0922322928 0.0072632760 0.0137283472 -0.0806404411 -0.2408266274 -0.1823194979  
1.9748914287 0.0130081356 -0.0200297568 -0.0039970125 -0.0056963769 -0.0207923474 0.5693130520 0.8671260336 0.1752474837 0.0386088040 0.4931853465 0.0372517915 0.0454671391 0.1987829668 0.0569888019 0.1638725640 -0.1487082248 0.0129419607 0.0234951885 -0.1156475543 -0.3518636745 -0.2720989040  
0.3365582086 0.0167823363 0.0019275259 0.0020581281 -0.0000039049 -0.0048420496 0.1223635547 0.1752474837 0.0510567664 0.0353800869 0.0759238455 0.0075374690 0.0055262093 0.0187629850 0.0048216140 0.0108847204 -0.0063569905 0.0015441839 0.0014908204 -0.0186827011 -0.0852883087 -0.0567436612  
0.1167514571 0.1106882743 0.0510111937 0.0761785816 0.0217640744 0.0363092977 0.0348577323 0.0386088040 0.0353800869 0.1019382474 -0.1456506776 -0.0085481865 -0.0184019163 -0.0944452429 -0.0282401632 -0.0952565635 0.0878325759 -0.0015734249 -0.0094779005 0.0844847500 -0.0651380353 0.0034655371  
0.8335286346 -0.2311382090 -0.1275446397 -0.1949940147 -0.0574179646 -0.1129416842 0.3233789498 0.4931853465 0.0759238455 -0.1456506776 0.6611758926 0.0503028390 0.0694274804 0.3217764143 0.0928947580 0.2952404099 -0.2561288880 0.0096136768 0.0304053236 -0.3005698150 -0.1034959965 -0.1917736129  
0.0533953083 -0.0166468894 -0.0093840193 -0.0155541210 -0.0044314404 -0.0092322023 0.0245139096 0.0372517915 0.0075374690 -0.0085481865 0.0503028390 0.0044562665 0.0054014789 0.0236390115 0.0068541221 0.0214316040 -0.0171824706 0.0008305705 0.0021730182 -0.0240959158 -0.0069722021 -0.0140804538  
0.0794110030 -0.0258137274 -0.0138847228 -0.0211484881 -0.0061313844 -0.0119082273 0.0285420177 0.0454671391 0.0055262093 -0.0184019163 0.0694274804 0.0054014789 0.0077842566 0.0353829684 0.0103795916 0.0329260772 -0.0281036344 0.0012776471 0.0035448875 -0.0316153340 -0.0050614634 -0.0172305712  
0.3482526166 -0.1270378221 -0.0676830517 -0.1011197780 -0.0297553278 -0.0561731592 0.1251839770 0.1987829668 0.0187629850 -0.0944452429 0.3217764143 0.0236390115 0.0353829684 0.1671725377 0.0486784546 0.1563784497 -0.1374842742 0.0050374540 0.0164410797 -0.1473997364 -0.0183170642 -0.0772623790  
0.1059571318 -0.0368848855 -0.0194855955 -0.0287850986 -0.0084140501 -0.0158910917 0.0353655038 0.0569888019 0.0048216140 -0.0282401632 0.0928947580 0.0068541221 0.0103795916 0.0486784546 0.0144176962 0.0457396351 -0.0399771523 0.0016693607 0.0049798502 -0.0415513421 -0.0043266660 -0.0219571486  
0.2817152787 -0.1246574559 -0.0653216562 -0.0974780191 -0.0286266385 -0.0534455089 0.1014094997 0.1638725640 0.0108847204 -0.0952565635 0.2952404099 0.0214316040 0.0329260772 0.1563784497 0.0457396351 0.1480233270 -0.1302543550 0.0046341818 0.0154836608 -0.1368407324 -0.0047066684 -0.0656547758  
-0.2784565916 0.1099839194 0.0574502514 0.0822423829 0.0247050801 0.0445200465 -0.0922322928 -0.1487082248 -0.0063569905 0.0878325759 -0.2561288880 -0.0171824706 -0.0281036344 -0.1374842742 -0.0399771523 -0.1302543550 0.1205043916 -0.0035490654 -0.0136508805 0.1161157663 0.0102416325 0.0601008868  
0.0399596495 -0.0001720372 -0.0002973651 0.0004026278 0.0001614198 0.0001914770 0.0072632760 0.0129419607 0.0015441839 -0.0015734249 0.0096136768 0.0008305705 0.0012776471 0.0050374540 0.0016693607 0.0046341818 -0.0035490654 0.0006984189 0.0008660534 -0.0015249435 -0.0026584807 -0.0029588186  
0.0590307431 -0.0097023280 -0.0052232125 -0.0066290874 -0.0019657467 -0.0035938930 0.0137283472 0.0234951885 0.0014908204 -0.0094779005 0.0304053236 0.0021730182 0.0035448875 0.0164410797 0.0049798502 0.0154836608 -0.0136508805 0.0008660534 0.0020304777 -0.0111900447 -0.0026251427 -0.0075133191  
-0.0066449462 0.1443913960 0.0743427980 0.1250223981 0.0354817282 0.0685483494 -0.0806404411 -0.1156475543 -0.0186827011 0.0844847500 -0.3005698150 -0.0240959158 -0.0316153340 -0.1473997364 -0.0415513421 -0.1368407324 0.1161157663 -0.0015249435 -0.0111900447 0.1855207331 -0.0097405096 0.0632587422  
-0.7950441491 -0.0520197115 -0.0154445580 -0.0340921606 -0.0075696633 -0.0091256463 -0.2408266274 -0.3518636745 -0.0852883087 -0.0651380353 -0.1034959965 -0.0069722021 -0.0050614634 -0.0183170642 -0.0043266660 -0.0047066684 0.0102416325 -0.0026584807 -0.0026251427 -0.0097405096 0.2181148755 0.1326369235  
-0.5229430391 0.0347649260 0.0239835210 0.0329424771 0.0106430584 0.0238578548 -0.1823194979 -0.2720989040 -0.0567436612 0.0034655371 -0.1917736129 -0.0140804538 -0.0172305712 -0.0772623790 -0.0219571486 -0.0656547758 0.0601008868 -0.0029588186 -0.0075133191 0.0632587422 0.1326369235 0.1223360091  
0.2691291348 0.0327497852 0.0313928420 0.0895543484 0.0325570135 0.0716332181 -0.0574245330 -0.0084225347 -0.1178763222 -0.0456086892 -0.1456562589 -0.0267062777 -0.0047165171 -0.0035590871 0.0038089551 0.0021532699 -0.0102932882 0.0119840452 0.0118187070 0.0337066362 -0.0241563652 0.1929877744  
0.0327497852 0.0049223014 0.0040888087 0.0103669057 0.0036982950 0.0079653307 -0.0048243917 0.0019213266 -0.0123053112 -0.0028494966 -0.0244855180 -0.0033440030 -0.0010540081 -0.0029352119 -0.0003529920 -0.0019395055 0.0003090679 0.0012136915 0.0010239316 0.0046585481 -0.0032958399 0.0180300109  
0.0313928420 0.0040888087 0.0042103097 0.0116492843 0.0044199701 0.0097383411 -0.0106713221 -0.0024540289 -0.0165871418 -0.0064242673 -0.0182235289 -0.0029250000 -0.0000864589 0.0009737803 0.0010267404 0.0017080015 -0.0012308402 0.0018276301 0.0018285356 0.0036229361 0.0009192906 0.0260114747  
0.0895543484 0.0103669057 0.0116492843 0.0355387255 0.0135644287 0.0303063434 -0.0368801910 -0.0133633705 -0.0530954139 -0.0242493838 -0.0425006952 -0.0084322800 0.0006942631 0.0078413714 0.0046639531 0.0096239671 -0.0065694699 0.0058851914 0.0062812335 0.0096999197 0.0066487467 0.0857773383  
0.0325570135 0.0036982950 0.0044199701 0.0135644287 0.0054105884 0.0119092396 -0.0162683643 -0.0064100437 -0.0213929071 -0.0100207794 -0.0141586075 -0.0028926041 0.0006484718 0.0042692338 0.0022400101 0.0048603323 -0.0027370164 0.0024416790 0.0026354701 0.0031169247 0.0042820999 0.0346698982  
0.0716332181 0.0079653307 0.0097383411 0.0303063434 0.0119092396 0.0270903520 -0.0368093419 -0.0150139066 -0.0483053169 -0.0231109522 -0.0316645445 -0.0066328866 0.0014465881 0.0099166587 0.0051146846 0.0113092276 -0.0065850218 0.0054674125 0.0059622693 0.0068606837 0.0110274776 0.0774183471  
-0.0574245330 -0.0048243917 -0.0106713221 -0.0368801910 -0.0162683643 -0.0368093419 0.0820727361 0.0395840329 0.0761946176 0.0404675713 0.0098990413 0.0034369926 -0.0072393010 -0.0308771864 -0.0128494803 -0.0314533803 0.0122316696 -0.0093468447 -0.0106996300 0.0006122930 -0.0426112856 -0.1209205670  
-0.0084225347 0.0019213266 -0.0024540289 -0.0133633705 -0.0064100437 -0.0150139066 0.0395840329 0.0281644323 0.0333219659 0.0238404002 -0.0271586627 -0.0011011485 -0.0055862124 -0.0232005801 -0.0084922289 -0.0219552141 0.0093134889 -0.0044405795 -0.0055774639 0.0039775170 -0.0246678447 -0.0596013815  
-0.1178763222 -0.0123053112 -0.0165871418 -0.0530954139 -0.0213929071 -0.0483053169 0.0761946176 0.0333219659 0.0986603325 0.0480031686 0.0596754173 0.0127752463 -0.0032940661 -0.0224107771 -0.0106377949 -0.0249416877 0.0145412725 -0.0101639456 -0.0113245434 -0.0078380390 -0.0302884506 -0.1418609176  
-0.0456086892 -0.0028494966 -0.0064242673 -0.0242493838 -0.0100207794 -0.0231109522 0.0404675713 0.0238404002 0.0480031686 0.0302946347 0.0047077568 0.0045305709 -0.0034517924 -0.0187839585 -0.0074885328 -0.0188004873 0.0108475166 -0.0052192301 -0.0062807165 -0.0013477838 -0.0205887499 -0.0741711263  
-0.1456562589 -0.0244855180 -0.0182235289 -0.0425006952 -0.0141586075 -0.0316645445 0.0098990413 -0.0271586627 0.0596754173 0.0047077568 0.2355309738 0.0295499221 0.0156795652 0.0447185540 0.0117916580 0.0325118907 -0.0048717130 -0.0016710716 -0.0004248781 -0.0270873039 0.0030893073 -0.0223150787  
-0.0267062777 -0.0033440030 -0.0029250000 -0.0084322800 -0.0028926041 -0.0066328866 0.0034369926 -0.0011011485 0.0127752463 0.0045305709 0.0295499221 0.0051411990 0.0020391874 0.0041929910 0.0009151642 0.0026190076 0.0013310849 -0.0006223310 -0.0006364300 -0.0041380695 0.0012002429 -0.0117424509  
-0.0047165171 -0.0010540081 -0.0000864589 0.0006942631 0.0006484718 0.0014465881 -0.0072393010 -0.0055862124 -0.0032940661 -0.0034517924 0.0156795652 0.0020391874 0.0021347290 0.0066307325 0.0022434719 0.0057250639 -0.0012725699 0.0008849260 0.0010686982 -0.0021867042 0.0052626486 0.0101449490  
-0.0035590871 -0.0029352119 0.0009737803 0.0078413714 0.0042692338 0.0099166587 -0.0308771864 -0.0232005801 -0.0224107771 -0.0187839585 0.0447185540 0.0041929910 0.0066307325 0.0249727031 0.0084867505 0.0219510968 -0.0074564801 0.0037669355 0.0047158285 -0.0064303136 0.0212198682 0.0479566898  
0.0038089551 -0.0003529920 0.0010267404 0.0046639531 0.0022400101 0.0051146846 -0.0128494803 -0.0084922289 -0.0106377949 -0.0074885328 0.0117916580 0.0009151642 0.0022434719 0.0084867505 0.0031831458 0.0078001665 -0.0027269935 0.0016235231 0.0019526538 -0.0015932713 0.0076222788 0.0210676995  
0.0021532699 -0.0019395055 0.0017080015 0.0096239671 0.0048603323 0.0113092276 -0.0314533803 -0.0219552141 -0.0249416877 -0.0188004873 0.0325118907 0.0026190076 0.0057250639 0.0219510968 0.0078001665 0.0207674348 -0.0072633466 0.0037863401 0.0046887950 -0.0050150921 0.0216523947 0.0480741610  
-0.0102932882 0.0003090679 -0.0012308402 -0.0065694699 -0.0027370164 -0.0065850218 0.0122316696 0.0093134889 0.0145412725 0.0108475166 -0.0048717130 0.0013310849 -0.0012725699 -0.0074564801 -0.0027269935 -0.0072633466 0.0051105660 -0.0014997034 -0.0019950362 0.0002323270 -0.0071685436 -0.0230593960  
0.0119840452 0.0012136915 0.0018276301 0.0058851914 0.0024416790 0.0054674125 -0.0093468447 -0.0044405795 -0.0101639456 -0.0052192301 -0.0016710716 -0.0006223310 0.0008849260 0.0037669355 0.0016235231 0.0037863401 -0.0014997034 0.0013932722 0.0014495813 0.0005703809 0.0036539766 0.0176552266  
0.0118187070 0.0010239316 0.0018285356 0.0062812335 0.0026354701 0.0059622693 -0.0106996300 -0.0055774639 -0.0113245434 -0.0062807165 -0.0004248781 -0.0006364300 0.0010686982 0.0047158285 0.0019526538 0.0046887950 -0.0019950362 0.0014495813 0.0017141501 0.0003801044 0.0047991409 0.0196514324  
0.0337066362 0.0046585481 0.0036229361 0.0096999197 0.0031169247 0.0068606837 0.0006122930 0.0039775170 -0.0078380390 -0.0013477838 -0.0270873039 -0.0041380695 -0.0021867042 -0.0064303136 -0.0015932713 -0.0050150921 0.0002323270 0.0005703809 0.0003801044 0.0082896104 -0.0065324429 0.0114320760  
-0.0241563652 -0.0032958399 0.0009192906 0.0066487467 0.0042820999 0.0110274776 -0.0426112856 -0.0246678447 -0.0302884506 -0.0205887499 0.0030893073 0.0012002429 0.0052626486 0.0212198682 0.0076222788 0.0216523947 -0.0071685436 0.0036539766 0.0047991409 -0.0065324429 0.0568019246 0.0277227111  
0.1929877744 0.0180300109 0.0260114747 0.0857773383 0.0346698982 0.0774183471 -0.1209205670 -0.0596013815 -0.1418609176 -0.0741711263 -0.0223150787 -0.0117424509 0.0101449490 0.0479566898 0.0210676995 0.0480741610 -0.0230593960 0.0176552266 0.0196514324 0.0114320760 0.0277227111 0.2632408136  
1.0418532245 0.1349036464 0.0761527549 0.1736078235 0.0492490490 0.0806099519 0.6148633411 0.5303084320 0.2263473186 0.2330335584 -0.2404744275 -0.0291928988 -0.0432702558 -0.2218397986 -0.0512331154 -0.2082241044 0.0789007317 0.0129516012 -0.0001413368 0.3082365914 -0.4968997433 -0.0964909983  
0.1349036464 0.0189378498 0.0109012626 0.0241287218 0.0071287023 0.0112663988 0.0838203568 0.0695109810 0.0315003471 0.0321761713 -0.0311116128 -0.0032983686 -0.0053785767 -0.0296229892 -0.0065645969 -0.0277249003 0.0115352793 0.0021707857 0.0003454351 0.0431108200 -0.0677219040 -0.0123455040  
0.0761527549 0.0109012626 0.0070836396 0.0162351537 0.0049752774 0.0081147110 0.0477416345 0.0331433758 0.0168508886 0.0164579462 -0.0200398173 -0.0021304375 -0.0031078077 -0.0177808180 -0.0035932150 -0.0162628543 0.0064256362 0.0017583696 0.0006918827 0.0290286861 -0.0397210919 -0.0044949602  
0.1736078235 0.0241287218 0.0162351537 0.0398565608 0.0120450109 0.0207342776 0.1037784250 0.0659036326 0.0341384165 0.0329987457 -0.0536877694 -0.0062279680 -0.0077870229 -0.0423058230 -0.0083109126 -0.0379609248 0.0132205207 0.0042700925 0.0019487808 0.0711707901 -0.0875467815 -0.0071749622  
0.0492490490 0.0071287023 0.0049752774 0.0120450109 0.0038464081 0.0064192666 0.0294191723 0.0171150648 0.0095525298 0.0091042039 -0.0152564688 -0.0016580827 -0.0020949449 -0.0120217197 -0.0022280619 -0.0106916832 0.0039145943 0.0014243618 0.0007475720 0.0212251823 -0.0251716633 -0.0011519702  
0.0806099519 0.0112663988 0.0081147110 0.0207342776 0.0064192666 0.0119487160 0.0422708725 0.0225919592 0.0120287113 0.0119256683 -0.0301042275 -0.0035490945 -0.0037909070 -0.0201449766 -0.0036549826 -0.0174463770 0.0054126774 0.0023887140 0.0013758630 0.0359664121 -0.0366628192 -0.0001085335  
0.6148633411 0.0838203568 0.0477416345 0.1037784250 0.0294191723 0.0422708725 0.4594186128 0.3596761505 0.1782007890 0.1690201903 -0.1147614753 -0.0127034625 -0.0252501892 -0.1424169101 -0.0328017051 -0.1371604860 0.0573560758 0.0085579378 -0.0006443466 0.2063576322 -0.3674216552 -0.0777567419  
0.5303084320 0.0695109810 0.0331433758 0.0659036326 0.0171150648 0.0225919592 0.3596761505 0.3542080378 0.1479178573 0.1521131321 -0.0853901056 -0.0094464292 -0.0207720343 -0.1088753659 -0.0282038192 -0.1073642859 0.0475457119 0.0026218242 -0.0046020287 0.1268542011 -0.2763692202 -0.0841423103  
0.2263473186 0.0315003471 0.0168508886 0.0341384165 0.0095525298 0.0120287113 0.1782007890 0.1479178573 0.0742998724 0.0694007249 -0.0322682277 -0.0030882045 -0.0086704992 -0.0510004403 -0.0122537803 -0.0503108400 0.0230901194 0.0025943146 -0.0009471281 0.0699588443 -0.1414606729 -0.0345526426  
0.2330335584 0.0321761713 0.0164579462 0.0329987457 0.0091042039 0.0119256683 0.1690201903 0.1521131321 0.0694007249 0.0701525336 -0.0368690649 -0.0035941992 -0.0089073753 -0.0503210747 -0.0123332374 -0.0494102086 0.0227009476 0.0021781450 -0.0012645946 0.0648663695 -0.1324389348 -0.0351152534  
-0.2404744275 -0.0311116128 -0.0200398173 -0.0536877694 -0.0152564688 -0.0301042275 -0.1147614753 -0.0853901056 -0.0322682277 -0.0368690649 0.1098244033 0.0137470125 0.0138548050 0.0628702682 0.0130086867 0.0542787897 -0.0139450219 -0.0045324057 -0.0018303845 -0.0967083484 0.0902157691 0.0146721516  
-0.0291928988 -0.0032983686 -0.0021304375 -0.0062279680 -0.0016580827 -0.0035490945 -0.0127034625 -0.0094464292 -0.0030882045 -0.0035941992 0.0137470125 0.0020699197 0.0018605350 0.0077027213 0.0016814986 0.0066395311 -0.0011836070 -0.0003997848 -0.0001061822 -0.0114200885 0.0103632053 0.0016784662  
-0.0432702558 -0.0053785767 -0.0031078077 -0.0077870229 -0.0020949449 -0.0037909070 -0.0252501892 -0.0207720343 -0.0086704992 -0.0089073753 0.0138548050 0.0018605350 0.0023317299 0.0105274538 0.0024272308 0.0096178200 -0.0029301540 -0.0004948364 0.0000335857 -0.0148098150 0.0201361099 0.0045016391  
-0.2218397986 -0.0296229892 -0.0177808180 -0.0423058230 -0.0120217197 -0.0201449766 -0.1424169101 -0.1088753659 -0.0510004403 -0.0503210747 0.0628702682 0.0077027213 0.0105274538 0.0543090030 0.0119203715 0.0498698284 -0.0176495199 -0.0035519322 -0.0005330628 -0.0806809366 0.1150731973 0.0216444284  
-0.0512331154 -0.0065645969 -0.0035932150 -0.0083109126 -0.0022280619 -0.0036549826 -0.0328017051 -0.0282038192 -0.0122537803 -0.0123332374 0.0130086867 0.0016814986 0.0024272308 0.0119203715 0.0029378834 0.0112381595 -0.0040037323 -0.0004970797 0.0001784940 -0.0160903683 0.0260307074 0.0064458124  
-0.2082241044 -0.0277249003 -0.0162628543 -0.0379609248 -0.0106916832 -0.0174463770 -0.1371604860 -0.1073642859 -0.0503108400 -0.0494102086 0.0542787897 0.0066395311 0.0096178200 0.0498698284 0.0112381595 0.0470539203 -0.0170338998 -0.0030607464 -0.0001752913 -0.0730243888 0.1107411992 0.0220705121  
0.0789007317 0.0115352793 0.0064256362 0.0132205207 0.0039145943 0.0054126774 0.0573560758 0.0475457119 0.0230901194 0.0227009476 -0.0139450219 -0.0011836070 -0.0029301540 -0.0176495199 -0.0040037323 -0.0170338998 0.0082634922 0.0012348717 0.0000228760 0.0251961876 -0.0456400934 -0.0100026733  
0.0129516012 0.0021707857 0.0017583696 0.0042700925 0.0014243618 0.0023887140 0.0085579378 0.0026218242 0.0025943146 0.0021781450 -0.0045324057 -0.0003997848 -0.0004948364 -0.0035519322 -0.0004970797 -0.0030607464 0.0012348717 0.0007105459 0.0004364928 0.0075493948 -0.0076978961 0.0007171221  
-0.0001413368 0.0003454351 0.0006918827 0.0019487808 0.0007475720 0.0013758630 -0.0006443466 -0.0046020287 -0.0009471281 -0.0012645946 -0.0018303845 -0.0001061822 0.0000335857 -0.0005330628 0.0001784940 -0.0001752913 0.0000228760 0.0004364928 0.0004736622 0.0030988403 -0.0002307965 0.0021461016  
0.3082365914 0.0431108200 0.0290286861 0.0711707901 0.0212251823 0.0359664121 0.2063576322 0.1268542011 0.0699588443 0.0648663695 -0.0967083484 -0.0114200885 -0.0148098150 -0.0806809366 -0.0160903683 -0.0730243888 0.0251961876 0.0075493948 0.0030988403 0.1365092125 -0.1725947676 -0.0188158728  
-0.4968997433 -0.0677219040 -0.0397210919 -0.0875467815 -0.0251716633 -0.0366628192 -0.3674216552 -0.2763692202 -0.1414606729 -0.1324389348 0.0902157691 0.0103632053 0.0201361099 0.1150731973 0.0260307074 0.1107411992 -0.0456400934 -0.0076978961 -0.0002307965 -0.1725947676 0.3059610534 0.0547075377  
-0.0964909983 -0.0123455040 -0.0044949602 -0.0071749622 -0.0011519702 -0.0001085335 -0.0777567419 -0.0841423103 -0.0345526426 -0.0351152534 0.0146721516 0.0016784662 0.0045016391 0.0216444284 0.0064458124 0.0220705121 -0.0100026733 0.0007171221 0.0021461016 -0.0188158728 0.0547075377 0.0298687163  
0.2400096878 0.0274727406 0.0216078517 0.0433839340 0.0183484484 0.0253734670 0.0395399111 0.0243085707 -0.0171503986 -0.0018527229 -0.0144710523 -0.0196808541 -0.0122009235 -0.0301552853 -0.0052107023 -0.0265181562 0.0023047435 0.0080420229 0.0057314799 0.0287624293 -0.1430077045 0.1035812409  
0.0274727406 0.0075826372 0.0040586932 0.0009936229 0.0011437963 -0.0020387954 0.0079897613 0.0108498171 0.0009155093 0.0075795911 -0.0283762993 -0.0041521383 -0.0036290368 -0.0154584828 -0.0037014371 -0.0136225188 0.0089962538 0.0008460060 -0.0005403150 0.0036436917 -0.0195797021 -0.0126895101  
0.0216078517 0.0040586932 0.0031432527 0.0047849348 0.0025181243 0.0033585436 0.0019197456 0.0035841685 -0.0020814819 0.0013034116 -0.0105165900 -0.0019533266 -0.0009455070 -0.0037709942 -0.0001717902 -0.0023876298 0.0021635875 0.0015139602 0.0012144038 0.0018027164 -0.0069649500 0.0051147381  
0.0433839340 0.0009936229 0.0047849348 0.0247224764 0.0094254567 0.0242111359 -0.0107984028 -0.0102042276 -0.0134907885 -0.0150611059 0.0182707266 -0.0003843438 0.0032223756 0.0196496964 0.0072398735 0.0214631994 -0.0153764232 0.0039521832 0.0062875499 0.0035980664 0.0168526528 0.0602317935  
0.0183484484 0.0011437963 0.0025181243 0.0094254567 0.0045062492 0.0095685088 -0.0038698192 -0.0032439672 -0.0051061002 -0.0047789047 0.0075059233 0.0004282106 0.0020916653 0.0089331059 0.0039355329 0.0101092169 -0.0046292547 0.0026346004 0.0035121842 -0.0004086131 0.0057698957 0.0245953769  
0.0253734670 -0.0020387954 0.0033585436 0.0242111359 0.0095685088 0.0266775768 -0.0174510169 -0.0153041314 -0.0143188261 -0.0178424197 0.0257483523 0.0020931542 0.0056706458 0.0281959264 0.0099384877 0.0301605670 -0.0186713563 0.0043380414 0.0074725293 -0.0001398652 0.0357390223 0.0627364706  
0.0395399111 0.0079897613 0.0019197456 -0.0107984028 -0.0038698192 -0.0174510169 0.0333706235 0.0205626229 0.0122133294 0.0157281011 -0.0053569729 -0.0041710189 -0.0057333313 -0.0250108617 -0.0077673764 -0.0273777633 0.0155318820 -0.0012604754 -0.0043255442 0.0054928861 -0.0764799713 -0.0219603991  
0.0243085707 0.0108498171 0.0035841685 -0.0102042276 -0.0032439672 -0.0153041314 0.0205626229 0.0237565871 0.0093020932 0.0191432282 -0.0487448769 -0.0061796271 -0.0072942515 -0.0332250660 -0.0095196276 -0.0318581577 0.0203737119 -0.0011013080 -0.0043317409 0.0051160072 -0.0434273128 -0.0476043618  
-0.0171503986 0.0009155093 -0.0020814819 -0.0134907885 -0.0051061002 -0.0143188261 0.0122133294 0.0093020932 0.0124311780 0.0109770795 -0.0027107780 0.0014817025 -0.0006718772 -0.0085556881 -0.0030474833 -0.0102417698 0.0097014776 -0.0016434954 -0.0030204685 -0.0023943933 -0.0183341731 -0.0331032240  
-0.0018527229 0.0075795911 0.0013034116 -0.0150611059 -0.0047789047 -0.0178424197 0.0157281011 0.0191432282 0.0109770795 0.0200447577 -0.0427621144 -0.0033670562 -0.0051727095 -0.0279702399 -0.0079627487 -0.0269222098 0.0203498791 -0.0013149681 -0.0042437375 0.0005987225 -0.0292449811 -0.0549805255  
-0.0144710523 -0.0283762993 -0.0105165900 0.0182707266 0.0075059233 0.0257483523 -0.0053569729 -0.0487448769 -0.0027107780 -0.0427621144 0.2842720950 0.0300360652 0.0318245535 0.1236364880 0.0371134207 0.1070141343 -0.0515488615 0.0080579457 0.0154545339 -0.0279256998 -0.0071104611 0.1936319946  
-0.0196808541 -0.0041521383 -0.0019533266 -0.0003843438 0.0004282106 0.0020931542 -0.0041710189 -0.0061796271 0.0014817025 -0.0033670562 0.0300360652 0.0060384986 0.0059119245 0.0189517162 0.0062425738 0.0175659098 -0.0047660951 0.0015088419 0.0026330849 -0.0070682972 0.0153142321 0.0129383431  
-0.0122009235 -0.0036290368 -0.0009455070 0.0032223756 0.0020916653 0.0056706458 -0.0057333313 -0.0072942515 -0.0006718772 -0.0051727095 0.0318245535 0.0059119245 0.0067391344 0.0220777353 0.0077156501 0.0212265092 -0.0064236039 0.0025308248 0.0039590351 -0.0071400885 0.0173880539 0.0224678294  
-0.0301552853 -0.0154584828 -0.0037709942 0.0196496964 0.0089331059 0.0281959264 -0.0250108617 -0.0332250660 -0.0085556881 -0.0279702399 0.1236364880 0.0189517162 0.0220777353 0.0824625482 0.0269566645 0.0784482802 -0.0329734117 0.0075923246 0.0137186898 -0.0201890749 0.0656030386 0.1031565946  
-0.0052107023 -0.0037014371 -0.0001717902 0.0072398735 0.0039355329 0.0099384877 -0.0077673764 -0.0095196276 -0.0030474833 -0.0079627487 0.0371134207 0.0062425738 0.0077156501 0.0269566645 0.0097449174 0.0265262406 -0.0092678660 0.0035964984 0.0055262956 -0.0074971187 0.0205994099 0.0346366020  
-0.0265181562 -0.0136225188 -0.0023876298 0.0214631994 0.0101092169 0.0301605670 -0.0273777633 -0.0318581577 -0.0102417698 -0.0269222098 0.1070141343 0.0175659098 0.0212265092 0.0784482802 0.0265262406 0.0772124810 -0.0314803288 0.0082601507 0.0143666223 -0.0194718881 0.0723150269 0.0982724982  
0.0023047435 0.0089962538 0.0021635875 -0.0153764232 -0.0046292547 -0.0186713563 0.0155318820 0.0203737119 0.0097014776 0.0203498791 -0.0515488615 -0.0047660951 -0.0064236039 -0.0329734117 -0.0092678660 -0.0314803288 0.0232279317 -0.0011677709 -0.0045724184 0.0014361256 -0.0324602432 -0.0585116340  
0.0080420229 0.0008460060 0.0015139602 0.0039521832 0.0026346004 0.0043380414 -0.0012604754 -0.0011013080 -0.0016434954 -0.0013149681 0.0080579457 0.0015088419 0.0025308248 0.0075923246 0.0035964984 0.0082601507 -0.0011677709 0.0024696808 0.0028388194 -0.0026709471 0.0022816732 0.0137743271  
0.0057314799 -0.0005403150 0.0012144038 0.0062875499 0.0035121842 0.0074725293 -0.0043255442 -0.0043317409 -0.0030204685 -0.0042437375 0.0154545339 0.0026330849 0.0039590351 0.0137186898 0.0055262956 0.0143666223 -0.0045724184 0.0028388194 0.0039579310 -0.0036273746 0.0100512768 0.0220813236  
0.0287624293 0.0036436917 0.0018027164 0.0035980664 -0.0004086131 -0.0001398652 0.0054928861 0.0051160072 -0.0023943933 0.0005987225 -0.0279256998 -0.0070682972 -0.0071400885 -0.0201890749 -0.0074971187 -0.0194718881 0.0014361256 -0.0026709471 -0.0036273746 0.0128143803 -0.0203055026 -0.0069587307  
-0.1430077045 -0.0195797021 -0.0069649500 0.0168526528 0.0057698957 0.0357390223 -0.0764799713 -0.0434273128 -0.0183341731 -0.0292449811 -0.0071104611 0.0153142321 0.0173880539 0.0656030386 0.0205994099 0.0723150269 -0.0324602432 0.0022816732 0.0100512768 -0.0203055026 0.2295669540 0.0060741669  
0.1035812409 -0.0126895101 0.0051147381 0.0602317935 0.0245953769 0.0627364706 -0.0219603991 -0.0476043618 -0.0331032240 -0.0549805255 0.1936319946 0.0129383431 0.0224678294 0.1031565946 0.0346366020 0.0982724982 -0.0585116340 0.0137743271 0.0220813236 -0.0069587307 0.0060741669 0.2524652929  
0.3159912987 0.0342330821 0.0249916777 0.0826672047 0.0208670850 0.0614902802 -0.0240402109 0.0308955904 -0.1031780829 -0.0195446623 -0.5572274611 -0.0677746893 -0.0445494633 -0.1176138693 -0.0360546031 -0.0915726906 -0.0106498386 -0.0084032193 -0.0075683066 0.0934368277 -0.0199457413 0.0095881037  
0.0342330821 0.0190480109 0.0136245477 0.0219224737 0.0104319695 0.0195222520 -0.0045303480 0.0271529204 0.0206049489 0.0308170728 -0.0736427969 0.0111172182 0.0055917801 -0.0119847418 0.0024012956 -0.0066769513 0.0220896961 0.0072541941 0.0058669631 0.0282500769 0.0550081199 -0.0118472073  
0.0249916777 0.0136245477 0.0104717753 0.0182407251 0.0085113194 0.0169061174 -0.0166298995 0.0132844418 -0.0031441483 0.0163511739 -0.0730045409 0.0067628425 0.0036876637 -0.0086775639 0.0017508785 -0.0046455292 0.0144585588 0.0054903814 0.0046393446 0.0211543504 0.0476491791 -0.0002895154  
0.0826672047 0.0219224737 0.0182407251 0.0454958505 0.0164651986 0.0411437086 -0.0723043812 0.0003772717 -0.0747064438 -0.0016259693 -0.2536616322 -0.0095514787 -0.0067033127 -0.0379829688 -0.0063732585 -0.0263795184 0.0102196243 0.0045691262 0.0044488392 0.0539890612 0.0894090695 0.0182797089  
0.0208670850 0.0104319695 0.0085113194 0.0164651986 0.0075289955 0.0157431322 -0.0246501281 0.0045329308 -0.0185705850 0.0069398865 -0.0754133219 0.0035470602 0.0021684060 -0.0073548165 0.0010864115 -0.0039578176 0.0094599901 0.0043150668 0.0038300648 0.0175341112 0.0433508252 0.0067945795  
0.0614902802 0.0195222520 0.0169061174 0.0411437086 0.0157431322 0.0393194184 -0.0786976843 -0.0054653398 -0.0779060190 -0.0039124562 -0.2284423306 -0.0058536447 -0.0040212080 -0.0301994580 -0.0040300508 -0.0202789898 0.0098938421 0.0053051519 0.0052345385 0.0479617208 0.0964209231 0.0220503844  
-0.0240402109 -0.0045303480 -0.0166298995 -0.0723043812 -0.0246501281 -0.0786976843 0.3481178443 0.1476914224 0.4238402073 0.1327883533 0.5516534231 0.0386303492 0.0181828909 0.0367338931 0.0096112848 0.0233436486 0.0329056950 -0.0018077624 -0.0061484731 -0.0661656279 -0.2378172360 -0.1646140094  
0.0308955904 0.0271529204 0.0132844418 0.0003772717 0.0045329308 -0.0054653398 0.1476914224 0.1120831059 0.2356205065 0.1128802382 0.1430289118 0.0365923857 0.0170062785 -0.0045270222 0.0076191551 -0.0016385862 0.0510018265 0.0101851195 0.0061104897 0.0185668804 -0.0106941696 -0.1024636274  
-0.1031780829 0.0206049489 -0.0031441483 -0.0747064438 -0.0185705850 -0.0779060190 0.4238402073 0.2356205065 0.6666166977 0.2541924249 0.7851707212 0.0985847216 0.0470944121 0.0456869388 0.0251507139 0.0349701497 0.0943652431 0.0129266445 0.0048838715 -0.0221665508 -0.1292698685 -0.2835928494  
-0.0195446623 0.0308170728 0.0163511739 -0.0016259693 0.0069398865 -0.0039124562 0.1327883533 0.1128802382 0.2541924249 0.1313861128 0.2012352908 0.0565136753 0.0289085549 0.0110404045 0.0160819755 0.0123582458 0.0650660059 0.0160305307 0.0111987824 0.0207191641 0.0404859766 -0.1074130053  
-0.5572274611 -0.0736427969 -0.0730045409 -0.2536616322 -0.0754133219 -0.2284423306 0.5516534231 0.1430289118 0.7851707212 0.2012352908 1.9926272370 0.1728642412 0.1062885188 0.2798324503 0.0803256852 0.2090915092 0.0499737112 0.0097553616 0.0025849417 -0.2395942347 -0.3682240398 -0.2496502833  
-0.0677746893 0.0111172182 0.0067628425 -0.0095514787 0.0035470602 -0.0058536447 0.0386303492 0.0365923857 0.0985847216 0.0565136753 0.1728642412 0.0434795543 0.0263755030 0.0359131558 0.0184840257 0.0306852420 0.0344981301 0.0127543263 0.0101522970 -0.0087100061 0.0444138372 -0.0270412010  
-0.0445494633 0.0055917801 0.0036876637 -0.0067033127 0.0021684060 -0.0040212080 0.0181828909 0.0170062785 0.0470944121 0.0289085549 0.1062885188 0.0263755030 0.0170328604 0.0265101921 0.0124653775 0.0223549332 0.0192641543 0.0081590028 0.0066310674 -0.0103166399 0.0249148495 -0.0073037138  
-0.1176138693 -0.0119847418 -0.0086775639 -0.0379829688 -0.0073548165 -0.0301994580 0.0367338931 -0.0045270222 0.0456869388 0.0110404045 0.2798324503 0.0359131558 0.0265101921 0.0706493907 0.0223560880 0.0548689480 0.0083231649 0.0077764320 0.0065050824 -0.0620395500 -0.0270588700 0.0158547482  
-0.0360546031 0.0024012956 0.0017508785 -0.0063732585 0.0010864115 -0.0040300508 0.0096112848 0.0076191551 0.0251507139 0.0160819755 0.0803256852 0.0184840257 0.0124653775 0.0223560880 0.0096284713 0.0185536556 0.0117988591 0.0057575635 0.0047699801 -0.0117862199 0.0146128160 0.0008247645  
-0.0915726906 -0.0066769513 -0.0046455292 -0.0263795184 -0.0039578176 -0.0202789898 0.0233436486 -0.0016385862 0.0349701497 0.0123582458 0.2090915092 0.0306852420 0.0223549332 0.0548689480 0.0185536556 0.0438727877 0.0100720957 0.0075833326 0.0064003466 -0.0439300295 -0.0079263330 0.0128057105  
-0.0106498386 0.0220896961 0.0144585588 0.0102196243 0.0094599901 0.0098938421 0.0329056950 0.0510018265 0.0943652431 0.0650660059 0.0499737112 0.0344981301 0.0192641543 0.0083231649 0.0117988591 0.0100720957 0.0399529174 0.0126815151 0.0099047295 0.0180221906 0.0634596981 -0.0359982913  
-0.0084032193 0.0072541941 0.0054903814 0.0045691262 0.0043150668 0.0053051519 -0.0018077624 0.0101851195 0.0129266445 0.0160305307 0.0097553616 0.0127543263 0.0081590028 0.0077764320 0.0057575635 0.0075833326 0.0126815151 0.0055234945 0.0045561170 0.0029535680 0.0289882789 -0.0002164744  
-0.0075683066 0.0058669631 0.0046393446 0.0044488392 0.0038300648 0.0052345385 -0.0061484731 0.0061104897 0.0048838715 0.0111987824 0.0025849417 0.0101522970 0.0066310674 0.0065050824 0.0047699801 0.0064003466 0.0099047295 0.0045561170 0.0039353036 0.0028006854 0.0268410062 0.0023624245  
0.0934368277 0.0282500769 0.0211543504 0.0539890612 0.0175341112 0.0479617208 -0.0661656279 0.0185668804 -0.0221665508 0.0207191641 -0.2395942347 -0.0087100061 -0.0103166399 -0.0620395500 -0.0117862199 -0.0439300295 0.0180221906 0.0029535680 0.0028006854 0.1079433506 0.1215063693 -0.0320111397  
-0.0199457413 0.0550081199 0.0476491791 0.0894090695 0.0433508252 0.0964209231 -0.2378172360 -0.0106941696 -0.1292698685 0.0404859766 -0.3682240398 0.0444138372 0.0249148495 -0.0270588700 0.0146128160 -0.0079263330 0.0634596981 0.0289882789 0.0268410062 0.1215063693 0.4000344337 0.0327637171  
0.0095881037 -0.0118472073 -0.0002895154 0.0182797089 0.0067945795 0.0220503844 -0.1646140094 -0.1024636274 -0.2835928494 -0.1074130053 -0.2496502833 -0.0270412010 -0.0073037138 0.0158547482 0.0008247645 0.0128057105 -0.0359982913 -0.0002164744 0.0023624245 -0.0320111397 0.0327637171 0.1546726971  
0.0020210809 0.0007682916 0.0006071180 0.0005443056 0.0005255525 0.0006665913 0.0012327504 0.0012161533 0.0009070581 0.0010632454 -0.0002922765 0.0005194856 0.0005437421 0.0004668392 0.0006227540 0.0006590405 0.0007931583 0.0006567886 0.0010445931 -0.0001009953 0.0000131359 0.0001011323  
0.0007682916 0.0008624340 0.0006079403 0.0004930665 0.0005319984 0.0006373638 0.0013531920 0.0012707059 0.0009721239 0.0010772155 -0.0002899988 0.0005338898 0.0005615703 0.0004876964 0.0006227954 0.0007031383 0.0008117604 0.0006609378 0.0010793930 -0.0001134279 0.0000194538 0.0001127156  
