2.6997654110 0.4319315753 0.2540670185 0.4785192910 0.1618741384 0.3315066881 0.0460701124 0.5336120872 -0.0191277683 0.1659156359 -0.5785983786 -0.0542727174 -0.0605848345 -0.2607742407 -0.0732590674 -0.2202774458 0.1450145391 0.0302030451 0.0105059332 0.2635661818 0.2767620743 -0.1947058895  
0.4319315753 0.2302819472 0.1553722549 0.2079582920 0.0858664277 0.1252859639 -0.0250835584 0.0686322959 -0.0157309751 0.0778731241 -0.2170759157 -0.0241143530 -0.0346961156 -0.1351740304 -0.0505508720 -0.1396917702 0.1329866348 0.0112203624 -0.0076521288 0.1360956217 -0.0787150104 -0.0716638324  
0.2540670185 0.1553722549 0.1063428420 0.1416614525 0.0587718072 0.0849359411 -0.0182359010 0.0351033820 -0.0123261107 0.0508571974 -0.1491182846 -0.0168604757 -0.0242368067 -0.0935449274 -0.0352656970 -0.0972189297 0.0911532818 0.0072521602 -0.0056453503 0.0974066433 -0.0628614529 -0.0458279951  
0.4785192910 0.2079582920 0.1416614525 0.2146224934 0.0826565540 0.1340751116 -0.0067857477 0.0626567481 -0.0230995933 0.0628749800 -0.2523668819 -0.0283208391 -0.0368126346 -0.1420426902 -0.0503966238 -0.1409520092 0.1086770411 0.0090864438 -0.0057636576 0.1684877578 -0.0585568981 -0.0619232219  
0.1618741384 0.0858664277 0.0587718072 0.0826565540 0.0334182320 0.0505944511 -0.0079576981 0.0208099210 -0.0082077438 0.0270151057 -0.0911692845 -0.0102489676 -0.0140794597 -0.0544006648 -0.0199410205 -0.0553946503 0.0482273571 0.0039872268 -0.0027494453 0.0602780129 -0.0302138762 -0.0245825498  
0.3315066881 0.1252859639 0.0849359411 0.1340751116 0.0505944511 0.0859431461 -0.0024598836 0.0434352875 -0.0152533534 0.0370177576 -0.1617860148 -0.0179413110 -0.0225884138 -0.0876905838 -0.0302723439 -0.0853192139 0.0621959576 0.0056883565 -0.0026810479 0.1068918532 -0.0243457610 -0.0365601364  
0.0460701124 -0.0250835584 -0.0182359010 -0.0067857477 -0.0079576981 -0.0024598836 0.0554909639 0.0296398486 0.0052431276 -0.0049151249 -0.0332451176 -0.0051815377 -0.0041132884 -0.0118352720 -0.0031158514 -0.0088388097 -0.0248714733 -0.0046245768 -0.0012070550 0.0259895858 0.0010701357 -0.0229785433  
0.5336120872 0.0686322959 0.0351033820 0.0626567481 0.0208099210 0.0434352875 0.0296398486 0.1444203117 0.0105389294 0.0395597273 -0.0783679779 -0.0069144474 -0.0081583038 -0.0367575843 -0.0103192593 -0.0306816021 0.0216002081 0.0044369093 0.0008947654 0.0167645033 0.0589814350 -0.0610943225  
-0.0191277683 -0.0157309751 -0.0123261107 -0.0230995933 -0.0082077438 -0.0152533534 0.0052431276 0.0105389294 0.0083145499 -0.0001225419 0.0305814197 0.0035262080 0.0040297150 0.0148265430 0.0049551372 0.0139999705 -0.0072353467 -0.0004954507 0.0001927381 -0.0260480934 0.0074800927 -0.0029015807  
0.1659156359 0.0778731241 0.0508571974 0.0628749800 0.0270151057 0.0370177576 -0.0049151249 0.0395597273 -0.0001225419 0.0323573070 -0.0606335402 -0.0065797552 -0.0102610712 -0.0409320180 -0.0156515588 -0.0431534096 0.0462249110 0.0040920054 -0.0027270187 0.0314319451 -0.0219104356 -0.0321478548  
-0.5785983786 -0.2170759157 -0.1491182846 -0.2523668819 -0.0911692845 -0.1617860148 -0.0332451176 -0.0783679779 0.0305814197 -0.0606335402 0.3498980866 0.0403093603 0.0488569851 0.1837161272 0.0632753276 0.1771372695 -0.1009269956 -0.0060155901 0.0071190171 -0.2408479437 0.0627650667 0.0852065297  
-0.0542727174 -0.0241143530 -0.0168604757 -0.0283208391 -0.0102489676 -0.0179413110 -0.0051815377 -0.0069144474 0.0035262080 -0.0065797552 0.0403093603 0.0049893410 0.0059359933 0.0217738629 0.0076926730 0.0212894582 -0.0114508577 -0.0004022622 0.0010999529 -0.0288862215 0.0109879934 0.0100930518  
-0.0605848345 -0.0346961156 -0.0242368067 -0.0368126346 -0.0140794597 -0.0225884138 -0.0041132884 -0.0081583038 0.0040297150 -0.0102610712 0.0488569851 0.0059359933 0.0077281213 0.0280729479 0.0103109956 0.0283006046 -0.0184488377 -0.0007480737 0.0017678294 -0.0347868567 0.0187654174 0.0140945327  
-0.2607742407 -0.1351740304 -0.0935449274 -0.1420426902 -0.0544006648 -0.0876905838 -0.0118352720 -0.0367575843 0.0148265430 -0.0409320180 0.1837161272 0.0217738629 0.0280729479 0.1049997599 0.0380299485 0.1051022897 -0.0714217530 -0.0038299024 0.0059495682 -0.1281794467 0.0615211108 0.0524105977  
-0.0732590674 -0.0505508720 -0.0352656970 -0.0503966238 -0.0199410205 -0.0302723439 -0.0031158514 -0.0103192593 0.0049551372 -0.0156515588 0.0632753276 0.0076926730 0.0103109956 0.0380299485 0.0143767358 0.0390882313 -0.0284869611 -0.0012871429 0.0026857992 -0.0449668951 0.0293671084 0.0197441799  
-0.2202774458 -0.1396917702 -0.0972189297 -0.1409520092 -0.0553946503 -0.0853192139 -0.0088388097 -0.0306816021 0.0139999705 -0.0431534096 0.1771372695 0.0212894582 0.0283006046 0.1051022897 0.0390882313 0.1075917900 -0.0775526343 -0.0038332265 0.0069339571 -0.1252421442 0.0757158864 0.0536267819  
0.1450145391 0.1329866348 0.0911532818 0.1086770411 0.0482273571 0.0621959576 -0.0248714733 0.0216002081 -0.0072353467 0.0462249110 -0.1009269956 -0.0114508577 -0.0184488377 -0.0714217530 -0.0284869611 -0.0775526343 0.0852552466 0.0065947462 -0.0056828804 0.0640533156 -0.0660649472 -0.0387800333  
0.0302030451 0.0112203624 0.0072521602 0.0090864438 0.0039872268 0.0056883565 -0.0046245768 0.0044369093 -0.0004954507 0.0040920054 -0.0060155901 -0.0004022622 -0.0007480737 -0.0038299024 -0.0012871429 -0.0038332265 0.0065947462 0.0011588829 0.0001209771 0.0019262336 0.0016883788 -0.0013076055  
0.0105059332 -0.0076521288 -0.0056453503 -0.0057636576 -0.0027494453 -0.0026810479 -0.0012070550 0.0008947654 0.0001927381 -0.0027270187 0.0071190171 0.0010999529 0.0017678294 0.0059495682 0.0026857992 0.0069339571 -0.0056828804 0.0001209771 0.0010431162 -0.0060881292 0.0113089992 0.0044012759  
0.2635661818 0.1360956217 0.0974066433 0.1684877578 0.0602780129 0.1068918532 0.0259895858 0.0167645033 -0.0260480934 0.0314319451 -0.2408479437 -0.0288862215 -0.0347868567 -0.1281794467 -0.0449668951 -0.1252421442 0.0640533156 0.0019262336 -0.0060881292 0.1863959633 -0.0690049784 -0.0478128145  
0.2767620743 -0.0787150104 -0.0628614529 -0.0585568981 -0.0302138762 -0.0243457610 0.0010701357 0.0589814350 0.0074800927 -0.0219104356 0.0627650667 0.0109879934 0.0187654174 0.0615211108 0.0293671084 0.0757158864 -0.0660649472 0.0016883788 0.0113089992 -0.0690049784 0.1637956276 0.0275503330  
-0.1947058895 -0.0716638324 -0.0458279951 -0.0619232219 -0.0245825498 -0.0365601364 -0.0229785433 -0.0610943225 -0.0029015807 -0.0321478548 0.0852065297 0.0100930518 0.0140945327 0.0524105977 0.0197441799 0.0536267819 -0.0387800333 -0.0013076055 0.0044012759 -0.0478128145 0.0275503330 0.0586270111  
0.1283614599 0.0051245101 0.0085936690 0.0530721557 0.0164111223 0.0586677832 -0.1196930338 -0.0519701562 -0.1974441023 -0.1056664022 -0.6707482724 -0.1636557024 -0.1022761396 -0.1843162171 -0.0651428725 -0.1248619288 -0.0939119151 -0.0176951755 -0.0096404785 0.1159543096 -0.0009320548 0.0769325323  
0.0051245101 0.0036246277 0.0019386933 0.0011766584 0.0005190967 -0.0004387203 0.0033894964 0.0020379302 0.0012722893 0.0054222078 -0.0398597147 0.0004746479 0.0000241040 -0.0122885758 -0.0013870550 -0.0093497742 0.0114615824 0.0014062080 -0.0001213901 0.0061473003 -0.0018550939 -0.0170384034  
0.0085936690 0.0019386933 0.0019888574 0.0047982042 0.0021641510 0.0051368094 -0.0094710767 -0.0086648985 -0.0125584447 -0.0065750784 -0.0386827379 -0.0085689799 -0.0049232142 -0.0103573093 -0.0030698440 -0.0070104216 -0.0030500062 0.0000385888 0.0002598531 0.0084784222 0.0003626351 0.0059335929  
0.0530721557 0.0011766584 0.0047982042 0.0302860617 0.0105719151 0.0362316568 -0.0390309009 -0.0344976420 -0.0796698158 -0.0628881725 -0.2055826802 -0.0891564536 -0.0544647398 -0.0606553553 -0.0306164680 -0.0400242186 -0.0783464540 -0.0116705748 -0.0031639596 0.0358253737 0.0094969739 0.0648624161  
0.0164111223 0.0005190967 0.0021641510 0.0105719151 0.0045289268 0.0133345649 -0.0242985906 -0.0195591321 -0.0324268022 -0.0225896908 -0.0587622068 -0.0258394504 -0.0148949591 -0.0140699726 -0.0075702689 -0.0081201169 -0.0240338982 -0.0024872034 0.0002666062 0.0125644347 0.0045028252 0.0316564678  
0.0586677832 -0.0004387203 0.0051368094 0.0362316568 0.0133345649 0.0460347161 -0.0485163260 -0.0416175587 -0.0938494729 -0.0775838256 -0.1988995936 -0.1069461155 -0.0656673093 -0.0580498940 -0.0353865675 -0.0364627918 -0.1059309538 -0.0152116105 -0.0029211036 0.0325092386 0.0188212765 0.0938472866  
-0.1196930338 0.0033894964 -0.0094710767 -0.0390309009 -0.0242985906 -0.0485163260 0.8329046816 0.4594630466 0.6335433369 0.1814870348 1.3224084211 0.0141062971 -0.0394873464 0.1649820609 -0.0334475525 0.0579816865 -0.1721929617 -0.0558063444 -0.0292444969 -0.3880961357 0.0313205849 -0.3545360064  
-0.0519701562 0.0020379302 -0.0086648985 -0.0344976420 -0.0195591321 -0.0416175587 0.4594630466 0.3494034061 0.3132857540 0.1263112214 0.5302131056 -0.0012142865 -0.0287692537 0.0526454574 -0.0268506791 0.0062608772 -0.0670192482 -0.0325931180 -0.0207095680 -0.2410107956 0.0267647723 -0.2565970396  
-0.1974441023 0.0012722893 -0.0125584447 -0.0796698158 -0.0324268022 -0.0938494729 0.6335433369 0.3132857540 0.6918566676 0.2923403605 1.4931434624 0.2761102720 0.1085200871 0.2443423675 0.0437553586 0.1241471210 0.0654552942 -0.0113053362 -0.0107069288 -0.2761745702 0.0175526512 -0.3562129950  
-0.1056664022 0.0054222078 -0.0065750784 -0.0628881725 -0.0225896908 -0.0775838256 0.1814870348 0.1263112214 0.2923403605 0.2063901899 0.4794693465 0.2333038705 0.1140069145 0.0905070176 0.0491295592 0.0474162732 0.1933619235 0.0194886393 0.0006799321 -0.0661718871 -0.0057116352 -0.2314171074  
-0.6707482724 -0.0398597147 -0.0386827379 -0.2055826802 -0.0587622068 -0.1988995936 1.3224084211 0.5302131056 1.4931434624 0.4794693465 5.6466393504 0.7714960419 0.4277050169 1.3373522198 0.2914173877 0.8506174679 -0.0727708076 0.0015358499 0.0341780243 -1.0705373741 0.0464694868 -0.1354225229  
-0.1636557024 0.0004746479 -0.0085689799 -0.0891564536 -0.0258394504 -0.1069461155 0.0141062971 -0.0012142865 0.2761102720 0.2333038705 0.7714960419 0.4418488032 0.2476997736 0.2225740672 0.1286056417 0.1453827319 0.3430819943 0.0578593010 0.0206259360 -0.0246370680 -0.0332067740 -0.1511991894  
-0.1022761396 0.0000241040 -0.0049232142 -0.0544647398 -0.0148949591 -0.0656673093 -0.0394873464 -0.0287692537 0.1085200871 0.1140069145 0.4277050169 0.2476997736 0.1552086810 0.1542168196 0.0887184190 0.1077468878 0.2103851152 0.0405080417 0.0166299423 -0.0193411983 -0.0274530818 -0.0564709893  
-0.1843162171 -0.0122885758 -0.0103573093 -0.0606553553 -0.0140699726 -0.0580498940 0.1649820609 0.0526454574 0.2443423675 0.0905070176 1.3373522198 0.2225740672 0.1542168196 0.4000569726 0.1136439926 0.2754301904 0.0406558367 0.0210257244 0.0219730891 -0.2561916376 0.0129734907 0.0509454174  
-0.0651428725 -0.0013870550 -0.0030698440 -0.0306164680 -0.0075702689 -0.0353865675 -0.0334475525 -0.0268506791 0.0437553586 0.0491295592 0.2914173877 0.1286056417 0.0887184190 0.1136439926 0.0565375465 0.0826124883 0.1045820542 0.0236585254 0.0118908843 -0.0279558040 -0.0136931614 -0.0033200289  
-0.1248619288 -0.0093497742 -0.0070104216 -0.0400242186 -0.0081201169 -0.0364627918 0.0579816865 0.0062608772 0.1241471210 0.0474162732 0.8506174679 0.1453827319 0.1077468878 0.2754301904 0.0826124883 0.1977768444 0.0318131207 0.0177800177 0.0180863840 -0.1609768817 0.0157364356 0.0632352770  
-0.0939119151 0.0114615824 -0.0030500062 -0.0783464540 -0.0240338982 -0.1059309538 -0.1721929617 -0.0670192482 0.0654552942 0.1933619235 -0.0727708076 0.3430819943 0.2103851152 0.0406558367 0.1045820542 0.0318131207 0.4280214544 0.0700367233 0.0183940045 0.1160458606 -0.0651797497 -0.1906061238  
-0.0176951755 0.0014062080 0.0000385888 -0.0116705748 -0.0024872034 -0.0152116105 -0.0558063444 -0.0325931180 -0.0113053362 0.0194886393 0.0015358499 0.0578593010 0.0405080417 0.0210257244 0.0236585254 0.0177800177 0.0700367233 0.0147022643 0.0058973123 0.0206151861 -0.0120126047 -0.0047617192  
-0.0096404785 -0.0001213901 0.0002598531 -0.0031639596 0.0002666062 -0.0029211036 -0.0292444969 -0.0207095680 -0.0107069288 0.0006799321 0.0341780243 0.0206259360 0.0166299423 0.0219730891 0.0118908843 0.0180863840 0.0183940045 0.0058973123 0.0039288581 0.0014218645 -0.0004279511 0.0164012630  
0.1159543096 0.0061473003 0.0084784222 0.0358253737 0.0125644347 0.0325092386 -0.3880961357 -0.2410107956 -0.2761745702 -0.0661718871 -1.0705373741 -0.0246370680 -0.0193411983 -0.2561916376 -0.0279558040 -0.1609768817 0.1160458606 0.0206151861 0.0014218645 0.3359247303 -0.0373005991 0.0695668017  
-0.0009320548 -0.0018550939 0.0003626351 0.0094969739 0.0045028252 0.0188212765 0.0313205849 0.0267647723 0.0175526512 -0.0057116352 0.0464694868 -0.0332067740 -0.0274530818 0.0129734907 -0.0136931614 0.0157364356 -0.0651797497 -0.0120126047 -0.0004279511 -0.0373005991 0.0755552196 0.0070326303  
0.0769325323 -0.0170384034 0.0059335929 0.0648624161 0.0316564678 0.0938472866 -0.3545360064 -0.2565970396 -0.3562129950 -0.2314171074 -0.1354225229 -0.1511991894 -0.0564709893 0.0509454174 -0.0033200289 0.0632352770 -0.1906061238 -0.0047617192 0.0164012630 0.0695668017 0.0070326303 0.4630543212  
6.3146078693 0.4002907287 0.2944075834 0.9952279528 0.2397191561 0.5859359827 0.2513907836 0.3545251205 -0.1562222619 -0.0806797097 -0.6550690579 -0.1186461578 -0.1121161087 -0.3989498508 -0.1172370388 -0.3966050373 -0.0265197346 0.0153149436 0.0049326881 1.3738863663 -1.0357350542 -0.0148037147  
0.4002907287 0.7661954656 0.2432050648 0.2241420249 0.0670968996 0.0464117144 0.0627224369 0.0840538699 0.0797209620 0.1628491534 -0.0918555369 -0.0030823953 -0.0223967759 -0.1286974904 -0.0472677739 -0.1461829177 0.1213049053 0.0071138906 -0.0190226608 0.0630919052 -0.1372558626 0.1372727746  
0.2944075834 0.2432050648 0.0848144476 0.1049281374 0.0293842648 0.0365482536 0.0163085932 0.0246782327 0.0140449086 0.0416233519 -0.0528293976 -0.0048630566 -0.0096686567 -0.0490652882 -0.0166374553 -0.0528846490 0.0344818518 0.0033740520 -0.0044723175 0.0539483495 -0.0523381317 0.0442924485  
0.9952279528 0.2241420249 0.1049281374 0.2272999839 0.0574280672 0.1179751739 0.0163577143 0.0352041256 -0.0256036415 0.0045203141 -0.1417317787 -0.0203266746 -0.0205660001 -0.0821699227 -0.0241268312 -0.0804331903 0.0164665329 0.0062205523 0.0005633526 0.2047773514 -0.1118599463 0.0388406487  
0.2397191561 0.0670968996 0.0293842648 0.0574280672 0.0149923029 0.0286069342 0.0043928659 0.0086603363 -0.0048853609 0.0037700146 -0.0350885335 -0.0048023575 -0.0051663053 -0.0215971767 -0.0064144953 -0.0214541720 0.0061858971 0.0016815118 -0.0001192814 0.0481703814 -0.0279999309 0.0111747279  
0.5859359827 0.0464117144 0.0365482536 0.1179751739 0.0286069342 0.0713664962 -0.0005713139 0.0098687732 -0.0283900612 -0.0191996999 -0.0832116244 -0.0128644517 -0.0102430905 -0.0359681187 -0.0090978303 -0.0319618040 -0.0052607012 0.0032350657 0.0031718584 0.1222779552 -0.0456090821 0.0054193457  
0.2513907836 0.0627224369 0.0163085932 0.0163577143 0.0043928659 -0.0005713139 0.0652931562 0.0611641592 0.0277919365 0.0315942984 0.0178026900 -0.0010200746 -0.0065083463 -0.0272755600 -0.0119440414 -0.0371042820 0.0132804383 -0.0024737572 -0.0069266393 0.0685337892 -0.1489143983 0.0155548332  
0.3545251205 0.0840538699 0.0246782327 0.0352041256 0.0086603363 0.0098687732 0.0611641592 0.0749107347 0.0255099946 0.0338723002 -0.0055357638 -0.0029989154 -0.0082319299 -0.0341631270 -0.0137003370 -0.0421351537 0.0146462508 -0.0019554408 -0.0064819357 0.0905691620 -0.1440432380 0.0070704879  
-0.1562222619 0.0797209620 0.0140449086 -0.0256036415 -0.0048853609 -0.0283900612 0.0277919365 0.0255099946 0.0333513304 0.0374420631 0.0366435195 0.0056062997 0.0004434012 -0.0054566359 -0.0046241095 -0.0126325338 0.0196796405 -0.0015849133 -0.0058811228 -0.0284232017 -0.0417880123 0.0213179490  
-0.0806797097 0.1628491534 0.0416233519 0.0045203141 0.0037700146 -0.0191996999 0.0315942984 0.0338723002 0.0374420631 0.0543587600 0.0183651784 0.0043846260 -0.0024511915 -0.0209168617 -0.0098383481 -0.0289895704 0.0321835390 -0.0005666017 -0.0073723568 -0.0152473037 -0.0529162604 0.0337515305  
-0.6550690579 -0.0918555369 -0.0528293976 -0.1417317787 -0.0350885335 -0.0832116244 0.0178026900 -0.0055357638 0.0366435195 0.0183651784 0.1251041422 0.0153001485 0.0118358185 0.0443061969 0.0105231751 0.0360282709 0.0001144840 -0.0049156409 -0.0047535022 -0.1304404413 0.0082671988 0.0074483977  
-0.1186461578 -0.0030823953 -0.0048630566 -0.0203266746 -0.0048023575 -0.0128644517 -0.0010200746 -0.0029989154 0.0056062997 0.0043846260 0.0153001485 0.0027097440 0.0020692967 0.0067689999 0.0017690163 0.0060510846 0.0017658296 -0.0004331799 -0.0005707433 -0.0253882766 0.0122954008 0.0009587600  
-0.1121161087 -0.0223967759 -0.0096686567 -0.0205660001 -0.0051663053 -0.0102430905 -0.0065083463 -0.0082319299 0.0004434012 -0.0024511915 0.0118358185 0.0020692967 0.0025379368 0.0095830659 0.0031527205 0.0101070879 -0.0021645113 -0.0002634017 0.0004856895 -0.0247867964 0.0226217960 -0.0035642790  
-0.3989498508 -0.1286974904 -0.0490652882 -0.0821699227 -0.0215971767 -0.0359681187 -0.0272755600 -0.0341631270 -0.0054566359 -0.0209168617 0.0443061969 0.0067689999 0.0095830659 0.0413238342 0.0138041534 0.0443633801 -0.0164424375 -0.0014194432 0.0030790694 -0.0863976997 0.0887777995 -0.0216181506  
-0.1172370388 -0.0472677739 -0.0166374553 -0.0241268312 -0.0064144953 -0.0090978303 -0.0119440414 -0.0137003370 -0.0046241095 -0.0098383481 0.0105231751 0.0017690163 0.0031527205 0.0138041534 0.0050428501 0.0155597794 -0.0067773485 -0.0002289144 0.0015864353 -0.0264252289 0.0339919843 -0.0088958359  
-0.3966050373 -0.1461829177 -0.0528846490 -0.0804331903 -0.0214541720 -0.0319618040 -0.0371042820 -0.0421351537 -0.0126325338 -0.0289895704 0.0360282709 0.0060510846 0.0101070879 0.0443633801 0.0155597794 0.0500176424 -0.0204796692 -0.0010115038 0.0046116430 -0.0876735097 0.1094432146 -0.0276169970  
-0.0265197346 0.1213049053 0.0344818518 0.0164665329 0.0061858971 -0.0052607012 0.0132804383 0.0146462508 0.0196796405 0.0321835390 0.0001144840 0.0017658296 -0.0021645113 -0.0164424375 -0.0067773485 -0.0204796692 0.0221456920 0.0005157591 -0.0040154036 -0.0081655853 -0.0226511794 0.0228345410  
0.0153149436 0.0071138906 0.0033740520 0.0062205523 0.0016815118 0.0032350657 -0.0024737572 -0.0019554408 -0.0015849133 -0.0005666017 -0.0049156409 -0.0004331799 -0.0002634017 -0.0014194432 -0.0002289144 -0.0010115038 0.0005157591 0.0004679310 0.0002812163 0.0016784293 0.0036995402 0.0007314963  
0.0049326881 -0.0190226608 -0.0044723175 0.0005633526 -0.0001192814 0.0031718584 -0.0069266393 -0.0064819357 -0.0058811228 -0.0073723568 -0.0047535022 -0.0005707433 0.0004856895 0.0030790694 0.0015864353 0.0046116430 -0.0040154036 0.0002812163 0.0013245060 -0.0003159857 0.0137247476 -0.0048728530  
1.3738863663 0.0630919052 0.0539483495 0.2047773514 0.0481703814 0.1222779552 0.0685337892 0.0905691620 -0.0284232017 -0.0152473037 -0.1304404413 -0.0253882766 -0.0247867964 -0.0863976997 -0.0264252289 -0.0876735097 -0.0081655853 0.0016784293 -0.0003159857 0.3212341232 -0.2628994512 0.0008134269  
-1.0357350542 -0.1372558626 -0.0523381317 -0.1118599463 -0.0279999309 -0.0456090821 -0.1489143983 -0.1440432380 -0.0417880123 -0.0529162604 0.0082671988 0.0122954008 0.0226217960 0.0887777995 0.0339919843 0.1094432146 -0.0226511794 0.0036995402 0.0137247476 -0.2628994512 0.4289539132 -0.0412853489  
-0.0148037147 0.1372727746 0.0442924485 0.0388406487 0.0111747279 0.0054193457 0.0155548332 0.0070704879 0.0213179490 0.0337515305 0.0074483977 0.0009587600 -0.0035642790 -0.0216181506 -0.0088958359 -0.0276169970 0.0228345410 0.0007314963 -0.0048728530 0.0008134269 -0.0412853489 0.0658263344  
1.2949958614 0.1839538110 0.1258554135 0.2812190943 0.0857406906 0.1850887360 0.3191224639 0.3676486488 0.0338058832 0.0940838506 -0.5025877284 -0.0700725414 -0.0749323057 -0.2532555925 -0.0869670459 -0.2534547089 0.0276239670 0.0071952366 -0.0105815699 0.1101187205 -0.1324576975 -0.0616852369  
0.1839538110 0.0328135524 0.0225452773 0.0433257090 0.0152166422 0.0301531308 0.0551415141 0.0637530184 0.0156095581 0.0246447138 -0.0823154095 -0.0061442383 -0.0072511414 -0.0349073701 -0.0098433206 -0.0334718067 0.0117555277 0.0047129010 0.0010599224 0.0162745789 -0.0006071358 -0.0188253658  
0.1258554135 0.0225452773 0.0163159170 0.0327460592 0.0117384139 0.0235818046 0.0341472492 0.0391301608 0.0092316883 0.0156026197 -0.0516780728 -0.0035969908 -0.0039637642 -0.0213169462 -0.0054160298 -0.0202967815 0.0080206925 0.0041673187 0.0017088276 0.0145820261 0.0002331888 -0.0020897832  
0.2812190943 0.0433257090 0.0327460592 0.0788343815 0.0259164240 0.0568827485 0.0504681260 0.0614045551 0.0001539745 0.0176497210 -0.1226614560 -0.0153705608 -0.0143870246 -0.0544455769 -0.0153655609 -0.0502048497 0.0079486070 0.0059404543 0.0021818125 0.0466071918 -0.0156574666 0.0256948488  
0.0857406906 0.0152166422 0.0117384139 0.0259164240 0.0095459882 0.0196389446 0.0178753302 0.0209210060 0.0035730847 0.0086365981 -0.0339189430 -0.0023718666 -0.0021175185 -0.0131341288 -0.0026563484 -0.0118993793 0.0050787093 0.0036387819 0.0021347081 0.0148209734 0.0011028642 0.0101999243  
0.1850887360 0.0301531308 0.0235818046 0.0568827485 0.0196389446 0.0436387969 0.0285327605 0.0378020748 -0.0012864797 0.0121363448 -0.0926651344 -0.0100936162 -0.0087330369 -0.0364635869 -0.0089409665 -0.0314829127 0.0066501408 0.0056574361 0.0032243333 0.0362956261 0.0012035771 0.0235281058  
0.3191224639 0.0551415141 0.0341472492 0.0504681260 0.0178753302 0.0285327605 0.1421694629 0.1451354288 0.0513338610 0.0545693303 -0.0784241539 -0.0022795098 -0.0081857325 -0.0458299928 -0.0163693434 -0.0549332764 0.0232154537 0.0058341603 -0.0019685200 -0.0078474652 -0.0287193510 -0.0779387890  
0.3676486488 0.0637530184 0.0391301608 0.0614045551 0.0209210060 0.0378020748 0.1451354288 0.1672233121 0.0467835678 0.0601826458 -0.1719428104 -0.0123223943 -0.0176750605 -0.0769955036 -0.0258097744 -0.0778269320 0.0244482218 0.0040431843 -0.0038483306 -0.0010156334 -0.0043259700 -0.1131812589  
0.0338058832 0.0156095581 0.0092316883 0.0001539745 0.0035730847 -0.0012864797 0.0513338610 0.0467835678 0.0383362484 0.0303050743 0.0307361955 0.0141551950 0.0106239894 0.0135735756 0.0062724731 0.0073531940 0.0178747975 0.0071113662 0.0035510338 -0.0156207332 0.0086529247 -0.0324304720  
0.0940838506 0.0246447138 0.0156026197 0.0176497210 0.0086365981 0.0121363448 0.0545693303 0.0601826458 0.0303050743 0.0338251033 -0.0468351956 0.0041521221 0.0013649677 -0.0162353054 -0.0025881615 -0.0159220182 0.0182047775 0.0060888629 0.0022781296 -0.0001381192 0.0155591355 -0.0440890618  
-0.5025877284 -0.0823154095 -0.0516780728 -0.1226614560 -0.0339189430 -0.0926651344 -0.0784241539 -0.1719428104 0.0307361955 -0.0468351956 0.7822665432 0.0940792636 0.0913206294 0.2999324042 0.0922294357 0.2372618919 -0.0118013677 0.0149340160 0.0189180525 -0.1095722094 -0.0791199761 0.2407375107  
-0.0700725414 -0.0061442383 -0.0035969908 -0.0153705608 -0.0023718666 -0.0100936162 -0.0022795098 -0.0123223943 0.0141551950 0.0041521221 0.0940792636 0.0169285389 0.0158075221 0.0415762689 0.0148636088 0.0347086723 0.0056503558 0.0051590363 0.0048427866 -0.0147159524 0.0072772608 0.0189892072  
-0.0749323057 -0.0072511414 -0.0039637642 -0.0143870246 -0.0021175185 -0.0087330369 -0.0081857325 -0.0176750605 0.0106239894 0.0013649677 0.0913206294 0.0158075221 0.0155111221 0.0416461848 0.0150443125 0.0356454905 0.0043503397 0.0051331751 0.0051169807 -0.0127563897 0.0100240817 0.0249780824  
-0.2532555925 -0.0349073701 -0.0213169462 -0.0544455769 -0.0131341288 -0.0364635869 -0.0458299928 -0.0769955036 0.0135735756 -0.0162353054 0.2999324042 0.0415762689 0.0416461848 0.1300280052 0.0427384078 0.1093248408 -0.0007889641 0.0091836423 0.0112745319 -0.0473878172 0.0108885557 0.0902679779  
-0.0869670459 -0.0098433206 -0.0054160298 -0.0153655609 -0.0026563484 -0.0089409665 -0.0163693434 -0.0258097744 0.0062724731 -0.0025881615 0.0922294357 0.0148636088 0.0150443125 0.0427384078 0.0154892150 0.0375261502 0.0023788671 0.0046926416 0.0051558976 -0.0114294197 0.0114335406 0.0318051772  
-0.2534547089 -0.0334718067 -0.0202967815 -0.0502048497 -0.0118993793 -0.0314829127 -0.0549332764 -0.0778269320 0.0073531940 -0.0159220182 0.2372618919 0.0347086723 0.0356454905 0.1093248408 0.0375261502 0.0970435927 -0.0004645147 0.0080880308 0.0106046429 -0.0364645078 0.0279677812 0.0753373264  
0.0276239670 0.0117555277 0.0080206925 0.0079486070 0.0050787093 0.0066501408 0.0232154537 0.0244482218 0.0178747975 0.0182047775 -0.0118013677 0.0056503558 0.0043503397 -0.0007889641 0.0023788671 -0.0004645147 0.0120263888 0.0051723078 0.0031308123 0.0018641062 0.0146639247 -0.0146132390  
0.0071952366 0.0047129010 0.0041673187 0.0059404543 0.0036387819 0.0056574361 0.0058341603 0.0040431843 0.0071113662 0.0060888629 0.0149340160 0.0051590363 0.0051331751 0.0091836423 0.0046926416 0.0080880308 0.0051723078 0.0041835256 0.0032551716 0.0018340788 0.0083007083 0.0112040219  
-0.0105815699 0.0010599224 0.0017088276 0.0021818125 0.0021347081 0.0032243333 -0.0019685200 -0.0038483306 0.0035510338 0.0022781296 0.0189180525 0.0048427866 0.0051169807 0.0112745319 0.0051558976 0.0106046429 0.0031308123 0.0032551716 0.0030572758 0.0012374316 0.0089978915 0.0138667898  
0.1101187205 0.0162745789 0.0145820261 0.0466071918 0.0148209734 0.0362956261 -0.0078474652 -0.0010156334 -0.0156207332 -0.0001381192 -0.1095722094 -0.0147159524 -0.0127563897 -0.0473878172 -0.0114294197 -0.0364645078 0.0018641062 0.0018340788 0.0012374316 0.0605308176 -0.0135149624 0.0361211768  
-0.1324576975 -0.0006071358 0.0002331888 -0.0156574666 0.0011028642 0.0012035771 -0.0287193510 -0.0043259700 0.0086529247 0.0155591355 -0.0791199761 0.0072772608 0.0100240817 0.0108885557 0.0114335406 0.0279677812 0.0146639247 0.0083007083 0.0089978915 -0.0135149624 0.1403594905 -0.0491604044  
-0.0616852369 -0.0188253658 -0.0020897832 0.0256948488 0.0101999243 0.0235281058 -0.0779387890 -0.1131812589 -0.0324304720 -0.0440890618 0.2407375107 0.0189892072 0.0249780824 0.0902679779 0.0318051772 0.0753373264 -0.0146132390 0.0112040219 0.0138667898 0.0361211768 -0.0491604044 0.2488918251  
1.3585295124 0.2428677951 0.1096928587 0.3293373335 0.0555581339 0.1852109932 0.0538805402 0.0945426561 -0.0524289844 -0.0308856264 -0.2927113346 -0.0633571586 -0.0641066872 -0.1414797232 -0.0649986347 -0.1313143390 -0.0696219750 -0.0353144439 -0.0264835486 0.1702815422 -0.1192549377 0.1289016559  
0.2428677951 0.1514632044 0.0583880926 0.0454121695 0.0165431863 0.0225640118 0.0338962556 0.0710079321 0.0144259399 0.0309438560 -0.0889116990 -0.0087350105 -0.0106244429 -0.0464958888 -0.0145258459 -0.0447492456 0.0177181028 0.0011500061 -0.0028467943 0.0088768092 -0.0006949454 -0.0487463776  
0.1096928587 0.0583880926 0.0319771200 0.0333797174 0.0139400343 0.0138387810 0.0053659687 0.0086989454 -0.0003065663 0.0008623283 -0.0123248911 -0.0022808046 -0.0025610734 -0.0108711733 -0.0039810922 -0.0131897106 0.0006976072 0.0021845649 0.0001309724 -0.0124148497 -0.0100381355 -0.0146673062  
0.3293373335 0.0454121695 0.0333797174 0.1083942777 0.0256500014 0.0637376963 -0.0049058418 -0.0045052826 -0.0303780198 -0.0256039806 -0.0883110590 -0.0200196120 -0.0185008876 -0.0398679436 -0.0177285188 -0.0362811088 -0.0267344421 -0.0078953607 -0.0049791492 0.0535101370 -0.0316556159 0.0485208144  
0.0555581339 0.0165431863 0.0139400343 0.0256500014 0.0103750004 0.0143166786 -0.0038292923 -0.0062020537 -0.0074015244 -0.0070423485 -0.0143922042 -0.0032227266 -0.0026106676 -0.0075910059 -0.0027836521 -0.0078948094 -0.0045071077 0.0007352203 0.0004661662 0.0028670022 -0.0072554471 0.0037135003  
0.1852109932 0.0225640118 0.0138387810 0.0637376963 0.0143166786 0.0480245858 -0.0028868868 0.0091711179 -0.0222804669 -0.0102421738 -0.1108176734 -0.0179223887 -0.0159387699 -0.0433434107 -0.0150450078 -0.0351204052 -0.0122007247 -0.0060784190 -0.0030619289 0.0690508563 -0.0020711093 0.0345832989  
0.0538805402 0.0338962556 0.0053659687 -0.0049058418 -0.0038292923 -0.0028868868 0.0220997585 0.0342449250 0.0128122567 0.0182856135 -0.0210505126 -0.0007859924 -0.0023565343 -0.0123994739 -0.0039131473 -0.0118950711 0.0097795522 -0.0013010243 -0.0022894158 0.0073183657 -0.0027246328 -0.0160510559  
0.0945426561 0.0710079321 0.0086989454 -0.0045052826 -0.0062020537 0.0091711179 0.0342449250 0.0832219817 0.0172622534 0.0416289128 -0.1237688509 -0.0100883063 -0.0115247965 -0.0502914698 -0.0136287131 -0.0402367863 0.0241449388 -0.0037485899 -0.0041406987 0.0569767758 0.0271502782 -0.0310326128  
-0.0524289844 0.0144259399 -0.0003065663 -0.0303780198 -0.0074015244 -0.0222804669 0.0128122567 0.0172622534 0.0197390672 0.0166339991 0.0369799456 0.0082445889 0.0065379079 0.0126401769 0.0051128926 0.0092278673 0.0127669603 0.0029776609 0.0007792710 -0.0305906741 0.0044028991 -0.0298082137  
-0.0308856264 0.0309438560 0.0008623283 -0.0256039806 -0.0070423485 -0.0102421738 0.0182856135 0.0416289128 0.0166339991 0.0287912463 -0.0383813857 0.0005014360 -0.0006202471 -0.0151738608 -0.0021136852 -0.0115097798 0.0201716538 0.0011600106 -0.0003172559 0.0098467584 0.0221595802 -0.0328025605  
-0.2927113346 -0.0889116990 -0.0123248911 -0.0883110590 -0.0143922042 -0.1108176734 -0.0210505126 -0.1237688509 0.0369799456 -0.0383813857 0.4997541622 0.0595675446 0.0543124282 0.1855938078 0.0531443959 0.1412602267 -0.0188331792 0.0174625849 0.0096646022 -0.2879133927 -0.0788291735 -0.0368013820  
-0.0633571586 -0.0087350105 -0.0022808046 -0.0200196120 -0.0032227266 -0.0179223887 -0.0007859924 -0.0100883063 0.0082445889 0.0005014360 0.0595675446 0.0088918966 0.0080691101 0.0230533422 0.0076926818 0.0180700494 0.0026443100 0.0034377754 0.0020070675 -0.0383792614 -0.0021156030 -0.0135161279  
-0.0641066872 -0.0106244429 -0.0025610734 -0.0185008876 -0.0026106676 -0.0159387699 -0.0023565343 -0.0115247965 0.0065379079 -0.0006202471 0.0543124282 0.0080691101 0.0078015694 0.0216542121 0.0075003795 0.0173092470 0.0021462608 0.0035057417 0.0022707430 -0.0353459234 -0.0000771710 -0.0116537602  
-0.1414797232 -0.0464958888 -0.0108711733 -0.0398679436 -0.0075910059 -0.0433434107 -0.0123994739 -0.0502914698 0.0126401769 -0.0151738608 0.1855938078 0.0230533422 0.0216542121 0.0733075935 0.0219100578 0.0579084201 -0.0065942595 0.0070342100 0.0046839735 -0.1085618661 -0.0176016710 -0.0133062446  
-0.0649986347 -0.0145258459 -0.0039810922 -0.0177285188 -0.0027836521 -0.0150450078 -0.0039131473 -0.0136287131 0.0051128926 -0.0021136852 0.0531443959 0.0076926818 0.0075003795 0.0219100578 0.0076319381 0.0179240385 0.0010076461 0.0032409794 0.0023049453 -0.0337353525 0.0010494503 -0.0088888977  
-0.1313143390 -0.0447492456 -0.0131897106 -0.0362811088 -0.0078948094 -0.0351204052 -0.0118950711 -0.0402367863 0.0092278673 -0.0115097798 0.1412602267 0.0180700494 0.0173092470 0.0579084201 0.0179240385 0.0477268279 -0.0044822147 0.0055017190 0.0040814433 -0.0825523170 -0.0060210055 -0.0096989763  
-0.0696219750 0.0177181028 0.0006976072 -0.0267344421 -0.0045071077 -0.0122007247 0.0097795522 0.0241449388 0.0127669603 0.0201716538 -0.0188331792 0.0026443100 0.0021462608 -0.0065942595 0.0010076461 -0.0044822147 0.0181599972 0.0032085533 0.0014645115 -0.0016550478 0.0208886385 -0.0307050569  
-0.0353144439 0.0011500061 0.0021845649 -0.0078953607 0.0007352203 -0.0060784190 -0.0013010243 -0.0037485899 0.0029776609 0.0011600106 0.0174625849 0.0034377754 0.0035057417 0.0070342100 0.0032409794 0.0055017190 0.0032085533 0.0028493568 0.0018093441 -0.0158739162 0.0035116706 -0.0100533421  
-0.0264835486 -0.0028467943 0.0001309724 -0.0049791492 0.0004661662 -0.0030619289 -0.0022894158 -0.0041406987 0.0007792710 -0.0003172559 0.0096646022 0.0020070675 0.0022707430 0.0046839735 0.0023049453 0.0040814433 0.0014645115 0.0018093441 0.0015110179 -0.0088775182 0.0041793398 -0.0046559883  
0.1702815422 0.0088768092 -0.0124148497 0.0535101370 0.0028670022 0.0690508563 0.0073183657 0.0569767758 -0.0305906741 0.0098467584 -0.2879133927 -0.0383792614 -0.0353459234 -0.1085618661 -0.0337353525 -0.0825523170 -0.0016550478 -0.0158739162 -0.0088775182 0.2077234211 0.0240071582 0.0655059329  
-0.1192549377 -0.0006949454 -0.0100381355 -0.0316556159 -0.0072554471 -0.0020711093 -0.0027246328 0.0271502782 0.0044028991 0.0221595802 -0.0788291735 -0.0021156030 -0.0000771710 -0.0176016710 0.0010494503 -0.0060210055 0.0208886385 0.0035116706 0.0041793398 0.0240071582 0.0791312139 -0.0269981286  
0.1289016559 -0.0487463776 -0.0146673062 0.0485208144 0.0037135003 0.0345832989 -0.0160510559 -0.0310326128 -0.0298082137 -0.0328025605 -0.0368013820 -0.0135161279 -0.0116537602 -0.0133062446 -0.0088888977 -0.0096989763 -0.0307050569 -0.0100533421 -0.0046559883 0.0655059329 -0.0269981286 0.0825000257  
0.6236683628 0.0090843138 -0.0051141763 0.0370545950 -0.0046711279 0.0209248162 -0.0654837386 0.1178763369 -0.1214629333 -0.0723866069 -0.1702751252 -0.0587080156 -0.0457800789 -0.0498066579 -0.0299951678 -0.0296584334 -0.0654209660 -0.0261963467 -0.0189706389 -0.1090451125 0.0510111062 -0.0388893874  
0.0090843138 0.0248641032 0.0152929340 0.0230823096 0.0110543581 0.0190722853 0.0299751558 0.0172779156 0.0251408502 0.0396333212 -0.0927088896 -0.0008923922 -0.0029089202 -0.0427147817 -0.0062250278 -0.0333005788 0.0253981415 0.0069951342 0.0033216386 0.0684449716 -0.0222803680 0.0113161263  
-0.0051141763 0.0152929340 0.0104336444 0.0157599008 0.0079412549 0.0136679677 0.0149565960 0.0024389544 0.0153084129 0.0237244230 -0.0574225968 0.0004348804 -0.0009001146 -0.0259382155 -0.0031078124 -0.0199182202 0.0169419491 0.0053484467 0.0029334751 0.0459904010 -0.0117373504 0.0127905943  
0.0370545950 0.0230823096 0.0157599008 0.0303345870 0.0127737966 0.0255187975 0.0074550022 -0.0077405747 0.0097576544 0.0265021881 -0.1081939525 -0.0050066460 -0.0056523288 -0.0470727996 -0.0073414827 -0.0346145187 0.0207358914 0.0065489920 0.0035545915 0.0713103945 -0.0183979940 0.0257913911  
-0.0046711279 0.0110543581 0.0079412549 0.0127737966 0.0064597076 0.0113279761 0.0074446047 -0.0036803446 0.0095449146 0.0157505324 -0.0439933419 0.0002192552 -0.0006312365 -0.0193725810 -0.0021261821 -0.0145401588 0.0123965949 0.0042468014 0.0024934699 0.0355905214 -0.0076270309 0.0128245680  
0.0209248162 0.0190722853 0.0136679677 0.0255187975 0.0113279761 0.0225568088 0.0021558330 -0.0110935542 0.0070225236 0.0209605252 -0.0901290656 -0.0033439720 -0.0037874677 -0.0374108904 -0.0051945490 -0.0267904129 0.0179963539 0.0062573950 0.0037352676 0.0590649674 -0.0085503846 0.0249364069  
-0.0654837386 0.0299751558 0.0149565960 0.0074550022 0.0074446047 0.0021558330 0.1410936954 0.1023003299 0.0904611134 0.0887658351 -0.0214338186 0.0139311659 0.0044410354 -0.0415659004 -0.0069681718 -0.0492357998 0.0418782990 0.0085152980 0.0015250053 0.0931456168 -0.1052302699 -0.0347072377  
0.1178763369 0.0172779156 0.0024389544 -0.0077405747 -0.0036803446 -0.0110935542 0.1023003299 0.1937850852 0.0321858019 0.0405484254 0.0005128195 -0.0006850376 -0.0041899306 -0.0065479582 -0.0081689089 -0.0160247230 0.0016378970 -0.0046944837 -0.0064483581 -0.0418590582 -0.0035981045 -0.0787831481  
-0.1214629333 0.0251408502 0.0153084129 0.0097576544 0.0095449146 0.0070225236 0.0904611134 0.0321858019 0.0802597797 0.0773665890 -0.0400495997 0.0150521413 0.0071759592 -0.0389714825 -0.0024682638 -0.0387211537 0.0452283856 0.0116630157 0.0051503842 0.1050603643 -0.0752430750 -0.0060082370  
-0.0723866069 0.0396333212 0.0237244230 0.0265021881 0.0157505324 0.0209605252 0.0887658351 0.0405484254 0.0773665890 0.0937184997 -0.1238352564 0.0078956501 0.0008327788 -0.0702232822 -0.0086056234 -0.0597210494 0.0553427703 0.0136448340 0.0059470874 0.1370470377 -0.0708453974 -0.0007403787  
-0.1702751252 -0.0927088896 -0.0574225968 -0.1081939525 -0.0439933419 -0.0901290656 -0.0214338186 0.0005128195 -0.0400495997 -0.1238352564 0.5127357151 0.0301353591 0.0304654889 0.2083950763 0.0347544619 0.1446910038 -0.0868456941 -0.0211736376 -0.0102422082 -0.2804020660 0.0376700342 -0.0553813577  
-0.0587080156 -0.0008923922 0.0004348804 -0.0050066460 0.0002192552 -0.0033439720 0.0139311659 -0.0006850376 0.0150521413 0.0078956501 0.0301353591 0.0078713438 0.0059044220 0.0097233125 0.0038385788 0.0053687364 0.0059126955 0.0027404158 0.0018617862 0.0043350727 -0.0052729582 0.0014408621  
-0.0457800789 -0.0029089202 -0.0009001146 -0.0056523288 -0.0006312365 -0.0037874677 0.0044410354 -0.0041899306 0.0071759592 0.0008327788 0.0304654889 0.0059044220 0.0050588099 0.0124496267 0.0039133767 0.0086149446 0.0018051448 0.0016264951 0.0013646123 -0.0048903754 0.0027068516 0.0019825408  
-0.0498066579 -0.0427147817 -0.0259382155 -0.0470727996 -0.0193725810 -0.0374108904 -0.0415659004 -0.0065479582 -0.0389714825 -0.0702232822 0.2083950763 0.0097233125 0.0124496267 0.0999112962 0.0170701275 0.0761176605 -0.0450794995 -0.0100897081 -0.0039968411 -0.1500874348 0.0650483332 -0.0189526267  
-0.0299951678 -0.0062250278 -0.0031078124 -0.0073414827 -0.0021261821 -0.0051945490 -0.0069681718 -0.0081689089 -0.0024682638 -0.0086056234 0.0347544619 0.0038385788 0.0039133767 0.0170701275 0.0042362164 0.0134714637 -0.0039441862 -0.0000136813 0.0005806968 -0.0182465819 0.0120729013 0.0016440308  
-0.0296584334 -0.0333005788 -0.0199182202 -0.0346145187 -0.0145401588 -0.0267904129 -0.0492357998 -0.0160247230 -0.0387211537 -0.0597210494 0.1446910038 0.0053687364 0.0086149446 0.0761176605 0.0134714637 0.0622131850 -0.0361988504 -0.0078347409 -0.0026967776 -0.1200781990 0.0684852063 -0.0099527314  
-0.0654209660 0.0253981415 0.0169419491 0.0207358914 0.0123965949 0.0179963539 0.0418782990 0.0016378970 0.0452283856 0.0553427703 -0.0868456941 0.0059126955 0.0018051448 -0.0450794995 -0.0039441862 -0.0361988504 0.0378601738 0.0107917663 0.0057676466 0.0959006051 -0.0372528583 0.0143988144  
-0.0261963467 0.0069951342 0.0053484467 0.0065489920 0.0042468014 0.0062573950 0.0085152980 -0.0046944837 0.0116630157 0.0136448340 -0.0211736376 0.0027404158 0.0016264951 -0.0100897081 -0.0000136813 -0.0078347409 0.0107917663 0.0039806102 0.0024191520 0.0264929935 -0.0061231842 0.0091004951  
-0.0189706389 0.0033216386 0.0029334751 0.0035545915 0.0024934699 0.0037352676 0.0015250053 -0.0064483581 0.0051503842 0.0059470874 -0.0102422082 0.0018617862 0.0013646123 -0.0039968411 0.0005806968 -0.0026967776 0.0057676466 0.0024191520 0.0017517208 0.0136219734 -0.0001146551 0.0072160088  
-0.1090451125 0.0684449716 0.0459904010 0.0713103945 0.0355905214 0.0590649674 0.0931456168 -0.0418590582 0.1050603643 0.1370470377 -0.2804020660 0.0043350727 -0.0048903754 -0.1500874348 -0.0182465819 -0.1200781990 0.0959006051 0.0264929935 0.0136219734 0.3030275405 -0.1501256730 0.0608981647  
0.0510111062 -0.0222803680 -0.0117373504 -0.0183979940 -0.0076270309 -0.0085503846 -0.1052302699 -0.0035981045 -0.0752430750 -0.0708453974 0.0376700342 -0.0052729582 0.0027068516 0.0650483332 0.0120729013 0.0684852063 -0.0372528583 -0.0061231842 -0.0001146551 -0.1501256730 0.1872948438 -0.0014162376  
-0.0388893874 0.0113161263 0.0127905943 0.0257913911 0.0128245680 0.0249364069 -0.0347072377 -0.0787831481 -0.0060082370 -0.0007403787 -0.0553813577 0.0014408621 0.0019825408 -0.0189526267 0.0016440308 -0.0099527314 0.0143988144 0.0091004951 0.0072160088 0.0608981647 -0.0014162376 0.0684125526  
0.6386320110 0.0800342655 0.0669556250 0.1410244454 0.0655643675 0.1217630417 0.0885457214 0.2206490884 -0.1376155004 -0.0287545577 -0.2728304663 -0.0160215368 -0.0099408897 -0.0709211415 -0.0135258407 -0.0685826477 0.0255570376 0.0293338727 0.0225810280 0.0367646984 -0.0296563537 0.0541950005  
0.0800342655 0.0214116650 0.0174936674 0.0262639230 0.0154538558 0.0246265805 -0.0466233923 -0.0103167010 -0.0187247429 0.0065334234 -0.0181779552 0.0106332158 0.0092264771 0.0016620699 0.0071083083 0.0038835400 0.0209921143 0.0125194573 0.0092187778 0.0102447075 0.0182807104 0.0383982790  
